100
816.709
417.944
195.372
69.456
468.129
270.994
120.931
527.76
755.389
625.702
323.899
738.82
665.87
811.755
516.832
661.508
28.923
183.506
963.862
783.949
682.119
163.347
20.56
701.744
7.776
365.678
598.706
133.269
680.164
769.679
901.735
496.873
187.623
613.46
566.33
655.753
400.806
203.613
699.865
156.195
345.667
23.764
895.016
11.537
835.519
928.2
189.398
864.442
628.058
153.26
164.744
310.178
832.959
185.304
528.274
840.735
550.983
126.98
490.356
231.147
896.659
908.444
244.372
600.635
38.256
327.054
256.388
439.062
530.668
472.605
595.258
392.687
496.37
6.626
920.577
848.241
451.178
109.975
229.036
79.236
779.587
393.78
905.766
612.547
579.084
434.04
969.634
646.419
561.02
976.343
393.918
974.032
884.787
638.291
574.667
923.043
965.345
347.407
878.457
12.365
