10000
252.294
123.546
701.114
752.455
39.714
165.672
369.166
775.109
549.23
992.009
671.572
173.271
710.439
871.467
967.846
967.092
817.015
232.257
800.99
739.411
471.447
604.553
165.961
256.613
433.843
275.133
907.735
59.643
345.083
778.633
842.269
113.729
902.18
59.735
382.536
458.246
741.759
268.055
749.707
807.342
260.064
421.279
496.965
486.855
292.747
464.811
453.948
626.114
697.068
254.938
881.878
684.867
859.492
47.839
941.48
809.687
322.972
365.568
869.33
184.408
144.201
227.951
814.489
562.733
287.686
197.026
20.98
29.445
465.081
770.687
353.139
241.497
191.967
850.104
728.352
1.066
314.915
182.3
143.532
528.335
437.239
25.41
213.203
813.083
73.249
671.035
622.77
912.574
552.955
8.452
96.982
697.157
236.403
911.471
259.89
524.089
624.849
797.222
69.886
89.93
567.91
423.026
331.427
276.229
789.482
59.78
793.647
104.398
758.432
937.179
632.733
712.023
962.59
362.288
525.106
35.839
549.676
664.228
464.765
102.631
672.68
561.747
316.14
909.083
989.571
92.383
949.524
614.42
889.605
535.763
220.703
457.515
475.141
552.13
250.096
264.623
128.262
43.743
369.021
403.047
980.923
518.107
115.07
459.865
396.747
156.529
495.704
462.775
820.757
960.47
81.759
9.79
38.569
397.899
435.225
544.492
490.282
384.75
158.913
379.888
920.513
379.616
353.755
395.654
448.098
120.204
176.629
92.713
163.947
62.003
495.76
661.222
580.11
610.83
121.087
493.209
767.359
133.144
955.985
104.469
609.966
554.096
114.259
648.535
951.995
65.836
709.38
958.63
450.586
868.293
854.87
887.451
764.261
724.977
799.457
728.711
845.181
976.087
821.424
525.481
38.09
833.536
186.703
134.552
960.719
824.143
144.113
728.078
957.287
616.45
348.899
567.253
170.546
979.51
732.14
638.894
45.347
957.872
113.876
12.285
826.165
968.746
899.737
106.778
693.723
215.546
835.49
55.257
707.985
656.914
580.738
262.427
6.803
283.793
913.331
967.522
107.936
57.445
211.952
581.575
673.895
560.852
665.18
360.794
56.714
913.673
516.04
102.061
871.545
629.916
114.347
214.063
598.662
530.436
320.841
808.737
262.334
156.331
380.346
486.672
329.598
961.084
749.099
336.401
761.23
662.431
820.275
385.518
236.228
32.227
967.094
426.475
109.431
148.626
787.269
166.146
62.299
819.661
784.559
450.197
449.577
415.258
664.26
48.239
462.046
985.101
373.329
724.381
657.785
753.675
727.405
987.383
231.112
476.504
840.136
508.694
655.287
660.411
894.212
407.867
208.99
377.658
834.343
834.774
526.285
137.964
517.272
104.936
957.626
301.831
555.133
407.203
233.442
219.393
971.795
695.488
720.847
345.124
936.221
378.632
615.151
663.626
366.015
846.263
656.483
722.503
354.957
311.77
899.266
765.522
719.638
108.256
143.18
70.333
459.382
185.817
208.297
976.654
807.106
682.275
794.838
362.239
89.479
28.28
97.985
577.626
240.12
818.832
922.75
692.694
197.464
537.901
872.672
79.831
900.517
529.155
318.686
255.474
357.278
217.952
20.996
593.268
842.56
680.529
179.953
301.943
382.698
388.25
794.949
189.804
586.878
589.787
552.044
192.709
134.419
166.381
770.335
374.54
985.213
693.085
583.586
699.029
747.338
456.258
295.212
647.855
501.766
613.898
419.682
859.044
831.85
957.03
968.664
190.762
153.911
148.617
9.057
536.61
53.219
804.007
726.414
640.097
393.794
794.81
832.806
44.566
961.191
119.493
419.106
462.756
812.578
519.044
161.785
76.269
975.302
456.997
240.476
477.068
587.247
176.51
852.464
419.097
133.541
821.128
126.212
287.452
486.097
135.269
340.414
539.317
939.276
66.829
695.766
849.423
861.639
44.925
893.989
339.183
164.418
829.447
801.939
493.349
348.491
963.725
569.618
840.145
937.074
326.446
317.214
524.322
502.957
686.03
459.771
152.85
23.511
585.983
956.654
509.608
237.605
297.069
565.277
176.881
363.898
261.044
26.304
741.889
305.969
436.645
81.072
470.387
266.092
883.012
963.736
130.935
363.089
49.706
971.081
300.163
376.153
804.647
340.837
395.462
490.677
800.609
548.312
514.188
902.944
504.966
540.149
140.549
802.035
105.426
833.783
682.285
366.47
376.439
424.175
188.791
813.085
505.247
659.179
595.529
904.611
139.267
726.465
267.7
705.326
697.546
84.216
81.479
502.193
425.053
993.293
509.222
742.014
541.605
539.763
644.959
46.571
79.912
301.86
364.959
185.338
135.643
47.244
68.161
512.083
471.419
256.952
841.52
493.019
916.131
437.049
913.982
571.751
163.514
181.683
277.077
377.412
782.251
874.908
395.957
207.304
868.201
905.18
465.671
409.806
444.943
110.63
972.729
524.855
928.842
337.688
226.545
64.486
901.285
294.706
92.921
889.056
551.659
934.441
382.075
984.142
371.49
812.41
72.245
51.357
510.445
349.322
428.769
292.696
224.23
824.727
16.352
608.783
246.259
482.023
534.941
691.202
109.005
507.671
732.409
37.848
361.711
475.306
618.686
262.996
286.365
711.607
152.053
838.024
646.048
50.48
338.518
533.89
862.89
410.764
585.247
373.335
276.438
530.369
666.031
17.021
871.448
198.736
625.804
117.707
680.759
160.746
325.261
789.765
668.417
574.022
343.965
546.48
565.68
962.651
809.477
852.045
674.258
477.882
690.069
836.658
528.362
544.94
886.9
907.605
472.056
472.148
280.94
748.494
518.869
463.324
765.515
390.317
662.06
907.672
24.376
859.171
68.418
865.989
165.288
253.187
956.363
509.253
799.667
522.043
471.904
125.496
374.089
662.514
603.378
580.51
15.524
648.093
125.45
902.425
555.698
113.858
890.925
836.638
862.353
409.794
816.314
144.22
316.463
994.726
51.892
857.191
853.898
636.662
723.18
19.186
889.849
195.895
44.792
205.869
717.938
33.048
331.365
92.027
695.563
451.096
188.89
711.087
99.189
830.692
129.864
654.887
944.551
20.789
7.877
323.256
946.935
824.192
467.476
263.398
818.918
35.721
636.941
189.168
672.383
876.473
724.707
78.585
72.368
769.499
284.454
790.307
802.547
132.171
398.686
14.462
583.267
587.576
241.902
682.456
418.269
371.766
853.695
879.172
392.556
861.573
202.428
339.491
202.117
186.256
119.242
537.387
221.977
756.183
242.908
410.713
632.657
967.615
489.298
705.025
737.114
290.104
11.684
539.661
422.275
926.723
554.124
5.543
30.651
796.026
204.351
965.272
684.144
58.047
844.444
76.7
435.972
46.872
932.544
154.441
233.129
51.786
691.828
971.458
807.969
934.736
382.171
956.978
418.703
871.469
662.004
155.817
161.573
190.04
211.831
100.201
116.763
282.307
105.744
663.767
594.685
310.095
629.039
278.829
884.494
473.484
871.882
320.466
520.356
804.426
474.907
269.837
856.212
683.088
241.296
180.533
134.176
623.467
137.512
552.88
11.289
315.868
225.049
689.214
505.908
436.88
789.415
139.024
235.539
411.511
802.791
830.224
237.959
431.83
625.406
122.453
905.314
497.288
959.272
942.023
301.714
950.531
211.86
674.278
633.619
969.508
854.811
284.148
109.328
992.323
353.38
120.617
308.191
578.429
326.183
330.452
531.662
631.951
469.476
283.553
43.462
788.619
113.778
281.421
736.801
255.536
403.875
158.468
752.824
879.499
100.491
570.89
830.03
828.703
245.168
463.65
798.212
99.979
264.15
907.54
608.655
133.882
544.509
916.846
712.311
870.692
247.298
760.325
18.995
233.126
43.879
62.458
21.745
674.009
860.231
758.547
445.897
780.458
917.015
198.721
659.957
533.858
769.611
489.988
878.913
531.131
469.99
677.125
147.462
734.14
101.017
756.117
868.022
161.878
672.964
96.685
548.923
436.614
373.363
567.918
669.741
933.594
630.376
207.838
123.955
490.608
482.737
569.852
271.066
916.104
768.573
447.376
449.962
54.536
937.364
328.876
102.019
407.354
522.353
249.481
141.494
139.723
5.599
525.868
301.601
678.563
138.905
850.524
631.529
512.268
418.443
817.622
445.862
565.171
25.461
86.169
572.131
24.55
656.021
359.55
940.655
940.946
806.926
906.969
511.834
744.29
752.197
613.853
151.644
274.551
863.335
809.49
930.626
385.286
851.71
232.227
580.201
990.615
599.104
211.73
19.236
17.547
29.353
981.45
99.07
571.166
67.62
671.202
595.716
723.641
30.752
536.371
664.588
837.678
443.341
176.422
581.968
711.89
306.628
249.964
502.793
686.315
575.806
433.419
71.601
427.516
181.999
651.802
934.483
781.103
863.532
953.719
315.002
892.885
935.17
414.072
464.051
2.79
85.274
59.768
242.783
632.378
112.491
423.723
470.056
72.184
600.146
568.376
784.075
423.126
334.692
286.868
109.441
910.498
720.288
181.042
338.014
902.287
832.844
272.498
199.742
212.728
226.217
514.744
105.614
677.739
445.168
86.017
196.881
46.795
662.137
439.665
679.173
290.981
863.388
149.23
363.165
979.886
233.958
663.592
403.012
568.651
950.461
512.453
995.501
187.101
209.847
333.516
605.74
559.043
122.366
805.482
771.772
864.935
836.578
393.738
542.675
281.746
996.107
739.556
328.541
658.245
179.221
7.715
465.578
558.962
673.297
828.743
538.848
423.607
492.336
941.861
508.61
959.149
970.666
504.112
146.25
696.866
353.98
751.99
255.909
476.346
73.824
27.681
341.281
910.402
937.771
400.308
708.5
933.879
139.865
553.394
108.476
835.438
77.461
574.054
394.4
267.11
919.149
449.601
690.717
927.837
907.814
199.328
886.986
878.48
219.792
549.588
91.698
573.772
301.578
347.608
50.118
891.754
891.641
907.751
318.508
345.765
308.06
27.009
279.644
964.277
96.755
904.472
799.715
174.216
478.526
710.468
441.326
914.027
160.069
132.043
841.865
67.883
847.723
245.203
462.715
583.867
794.792
70.766
157.639
612.722
418.374
207.757
20.829
826.367
631.861
339.337
172.132
939.921
882.698
968.128
420.55
979.453
872.6
220.265
153.669
867.478
447.085
594.995
781.506
123.506
243.391
139.723
707.741
607.466
384.926
170.457
191.334
696.07
241.223
348.973
825.145
175.949
73.083
845.974
518.668
221.296
185.311
207.153
161.217
68.01
691.633
581.767
47.463
564.234
318.384
717.485
948.064
281.822
828.832
729.57
405.328
72.223
869.293
113.07
196.042
770.572
799.879
387.376
466.642
557.454
252.701
291.787
733.403
325.784
654.113
768.423
547.08
839.425
975.576
224.649
423.787
183.562
322.768
987.602
747.796
157.505
705.087
695.86
439.327
533.92
941.783
361.007
122.495
327.428
990.429
318.537
98
790.308
705.913
80.995
347.762
474.967
889.134
597.517
317.103
543.248
365.941
380.536
899.025
857.869
605.185
322.812
41.431
444.306
310.414
305.579
601.811
531.854
517.792
557.49
582.126
459.575
434.849
704.621
787.003
425.279
539.511
401.356
215.587
761.776
998.703
79.702
236.743
887.837
193.571
553.847
947.437
559.512
934.383
846.462
933.734
55.92
685.626
491.517
500.226
996.041
313.449
618.389
44.247
831.241
692.231
626.373
807.168
127.081
847.346
110.523
68.712
386.857
28.231
800.651
148.634
26.934
880.353
901.729
431.124
73.925
455.576
378.561
149.789
389.959
225.024
599.875
962.232
910.65
607.745
462.458
423.043
921.194
597.2
983.642
268.787
805.783
610.015
592.307
449.216
973.714
219.182
517.928
360.571
247.414
318.58
25.557
790.7
715.285
927.287
221.824
305.562
899.215
600.386
971.704
805.527
341.762
571.579
767.759
768.764
695.676
746.569
708.16
133.222
343.769
691.802
402.009
665.905
818.17
510.668
115.121
308.236
729.851
633.05
185.159
493.617
467.982
210.717
284.317
183.267
654.356
506.142
488.83
553.571
622.88
976.886
875.45
964.642
548.465
643.209
249.758
760.494
389.779
474.27
893.716
249.9
166.073
812.078
915.805
500.595
322.746
547.279
808.831
52.597
180.329
993.99
546.214
164.663
721.059
346.884
347.93
891.767
853.026
353.112
961.691
475.906
329.998
837.141
956.9
394.816
480.351
206.658
155.31
386.482
680.929
565.378
152.734
363.354
377.456
584.892
380.301
700.203
132.171
705.484
269.152
828.852
215.826
331.719
993.515
453.238
678.603
341.445
345.005
531.629
210.91
823.048
523.887
57.26
660.19
480.787
452.076
656.893
203.797
123.738
559.727
401.078
689.117
712.461
280.784
582.925
297.353
177.437
283.128
945.876
882.921
552.281
774.728
98.748
400.352
768.243
68.338
78.955
626.041
413.343
126.936
353.303
236.392
650.823
410.563
412.934
647.962
378.992
69.827
368.111
19.082
629.554
285.542
224.551
858.367
82.678
807.477
672.073
260.116
606.957
617.949
659.389
675.59
392.678
274.489
75.942
677.273
342.827
671.249
819.666
272.523
798.185
172.969
508.915
965.36
99.885
438.201
129.674
478.877
508.028
14.138
14.311
653.934
299.68
238.863
512.301
898.71
562.692
184.374
158.826
169.649
318.676
334.568
845.24
711.354
609.057
921.182
904.979
951.885
592.432
724.646
224.408
906.969
413.967
249.675
872.33
513.852
687.876
518.356
992.729
712.256
532.494
7.041
882.542
348.526
762.256
394.843
247.237
324.948
95.57
922.415
494.597
414.246
256.983
339.837
641.952
866.041
777.372
63.283
334.278
369.804
787.929
75.038
793.125
201.897
841.065
665.455
715.749
45.293
183.812
224.831
757.549
716.306
748.224
640.091
581.185
510.48
551.286
828.422
351.78
163.208
750.837
846.377
93.806
7.821
702.567
252.11
390.214
479.939
315.394
240.844
366.095
619.675
315.882
159.22
821.572
156.947
341.028
53.674
202.24
41.192
794.857
476.141
273.85
543.081
632.584
855.035
569.913
183.87
683.457
921.693
863.431
434.295
284.422
957.237
958.468
986.989
725.7
865.034
983.28
41.094
105.878
865.727
660.769
421.76
541.3
998.694
95.059
882.328
52.368
813.651
439.872
847.225
289.792
713.722
906.658
922.376
568.758
476.571
622.598
768.567
914.616
486.029
719.214
199.038
959.619
677.682
702.38
685.319
59.068
202.012
242.765
164.946
67.74
419.886
103.058
125.392
418.58
198.117
524.072
987.3
11.768
963.944
350.877
817.912
677.666
257.535
256.64
762.776
250.458
879.239
531.344
681.426
881.62
250.558
880.465
357.591
444.593
99.197
559.262
503.661
301.209
802.027
184.96
885.301
221.914
288.018
527.045
156.846
486.136
51.117
144.147
14.256
15.061
495.024
348.521
209.08
268.912
605.161
971.856
519.37
0.752
19.552
200.797
882.373
270.111
597.614
756.316
231.056
213.163
315.579
734.717
30.724
633.958
436.029
916.026
372.224
724.048
443.071
529.071
726.536
10.541
673.218
740.792
25.602
684.594
605.665
751.034
953.506
210.827
722.891
989.229
727.931
742.443
706.378
126.656
528.906
820.344
882.973
276.314
33.507
714.904
527.384
64.231
348.862
963.413
496.609
721.087
687.461
456.033
250.158
413.997
466.574
439.728
671.142
8.528
124.322
276.807
759.563
594.181
3.986
998.806
583.41
248.27
257.601
806.14
374.926
302.86
626.484
257.899
579.174
176.343
972.803
106.558
756.926
838.018
69.972
253.536
559.105
273.785
225.921
809.263
687.783
208.847
765.343
875.277
733.727
889.665
152.084
493.29
0.198
672.423
8.448
583.608
920.693
266.05
906.1
295.619
568.91
532.584
69.871
664.436
225.279
559.026
770.995
982.206
397.044
357.319
752.094
956.149
631.104
494.367
281.764
835.239
703.214
47.107
710.516
436.941
453.125
378.953
446.584
453.323
51.376
455.032
553.284
488.421
237.434
459.384
300.392
322.696
508.321
886.615
987.133
249.952
445.642
274.48
232.158
842.686
148.151
500.604
315.188
295.607
994.971
113.304
130.847
698.185
676.764
841.363
651.479
646.241
220.316
98.063
99.564
788.044
69.447
169.2
276.465
306.882
144.937
93.21
145.93
169.61
979.825
649.415
419.562
425.467
440.247
168.073
784.506
588.398
668.677
616.046
884.006
663.649
729.35
14.853
878.186
406.114
372.568
529.665
568.707
592.885
144.08
184.624
897.281
213.528
353.824
173.747
36.762
498.761
783.309
699.044
184.723
763.134
348.46
604.286
188.602
788.707
772.359
489.46
893.458
441.036
105.506
777.464
104.685
351.208
308.669
499.224
273.675
197.589
28.889
842.382
790.474
172.97
27.006
204.108
902.85
380.831
894.207
939.612
395.944
677.516
638.656
97.02
440.65
503.468
701.306
145.604
292.176
990.017
635.064
185.634
431.053
256.922
479.45
52.091
608.131
304.471
551.315
398.158
502.06
96.556
240.54
808.887
269.526
267.547
12.995
172.376
164.73
907.202
628.34
77.026
584.718
783.349
174.046
541.72
286.817
391.704
687.325
95.345
381.721
838.741
797.331
329.127
612.016
276.781
381.218
736.499
97.604
448.885
134.657
599.665
545.441
375.197
924.904
331.32
159.096
937.899
20.048
840.178
361.453
164.741
917.205
462.523
948.09
607.603
4.243
234.907
515.66
207.92
846.605
897.381
46.662
643.936
226.508
658.678
437.07
124.078
395.177
534.674
89.315
529.834
650.691
151.109
421.383
575.595
998.781
580.48
29.846
18.829
937.01
907.651
183.57
370.567
370.174
131.66
978.171
890.77
882.92
493.831
98.69
245.877
907.564
145.352
889.813
650.425
320.382
843.235
290.855
715.559
894.262
380.171
761.745
61.305
47.632
699.481
636.901
46.413
796.313
183.099
65.242
733.323
607.103
765.165
103.891
977.277
413.177
598.414
868.047
296.097
92.245
966.738
58.326
516.161
628.442
948.14
166.586
948.825
307.727
973.794
180.736
201.989
870.317
458.834
263.295
917.949
158.315
416.548
964.362
954.628
115.999
545.956
687.951
723.102
311.121
308.194
700.38
724.299
906.608
84.779
536.748
515.205
567.869
595.075
31.367
196.312
59.567
714.305
661.489
367.294
688.099
358.577
85.636
558.416
817.411
348.931
476.365
492.078
281.831
957.079
963.058
397.83
503.036
651.01
120.933
330.509
475.556
337.665
54.808
382.165
422.444
107.909
897.37
506.666
702.984
928.737
219.33
278.903
159.395
397.171
646.197
847.494
755.748
248.185
922.263
89.512
597.116
914.98
581.59
878.947
872.06
544.649
793.13
891.448
712.011
914.063
221.957
187.567
768.08
793.118
569.732
706.876
417.379
983.455
213.542
636.715
912.192
432.872
915.618
587.939
830.043
78.167
435.434
102.144
326.353
874.049
191.656
439.821
789.029
289.598
835.121
177.441
834.247
628.251
585.241
62.61
58.666
807.199
766.53
826.746
116.669
336.262
533.622
50.4
836.069
747.165
687.115
264.614
696.389
119.085
852.553
42.785
713.604
804.339
144.929
556.309
678.388
336.585
996.131
983.77
626.183
831.252
161.211
976.783
975.855
746.453
39.393
34.521
70.004
805.923
377.619
703.025
658.538
911.241
753.425
494.607
174.758
956.892
275.573
871.148
592.329
128.127
913.933
305.933
932.466
575.214
862.243
610.855
911.799
374.726
110.977
54.334
205.978
272.188
547.469
698.185
534.993
103.215
732.706
604.997
909.138
626.677
824.374
84.028
537.918
94.151
94.988
712.677
51.043
370.561
100.177
643.372
15.04
530.462
465.658
947.507
105.676
327.901
74.714
533.827
702.627
185.691
104.513
424.957
457.879
651.983
639.494
509.225
755.198
372.2
114.222
180.688
998.877
938.597
781.069
53.147
32.748
392.409
282.176
600.144
279.322
898.705
759.868
294.363
429.167
225.526
241.87
51.195
69.779
832.936
101.374
288.758
18.627
722.24
230.067
992.858
374.223
869.561
502.083
645.773
758.113
132.658
342.813
273.342
587.607
123.882
326.49
136.707
516.291
125.018
253.203
311.966
23.724
13.072
606.329
969.243
754.95
364.551
536.791
341.082
713.839
638.165
629.84
732.466
876.757
376.26
241.676
767.332
245.821
260.112
413.105
3.935
909.122
755.919
277.277
13.081
396.153
120.119
149.788
428.797
245.138
402.992
740.763
268.862
932.416
863.444
754.457
203.718
227.995
291.248
544.8
941.834
445.766
690.993
190.652
322.523
67.253
948.68
89.856
313.074
725.144
19.313
833.361
634.266
775.232
626.991
647.347
687.738
747.11
313.488
116.535
508.6
232.832
857.298
293.814
165.248
720.742
48.272
368.966
465.089
339.52
430.119
923.275
785.286
121.112
113.927
624.162
188.365
578.959
230.37
501.439
304.104
249.683
334.801
454.722
541.268
961.792
102.07
229.006
225.254
931.91
345.541
733.855
164.742
719.191
27.669
846.342
439.933
75.941
731.66
421.374
931.814
161.779
344.649
233.452
282.891
974.928
857.614
471.256
553.887
87.984
972.696
374.343
337.668
823.849
829.066
878.936
301.993
447.488
624.294
43.599
379.398
969.835
777.454
544.14
689.026
321.476
906.834
645.311
397.417
638.494
66.685
845.583
800.274
411.334
79.036
83.165
386.262
936.65
554.422
456.501
24.635
43.47
830.845
878.655
383.671
659.911
273.943
202.016
107.399
898.237
245.615
3.149
868.072
23.07
63.641
73.45
344.546
970.475
235.113
258.315
125.321
301.798
620.251
925.595
229.484
699.287
8.761
132.098
635.937
79.535
588.599
176.924
639.357
935.796
571.931
23.028
112.059
845.874
225.044
735.81
260.463
470.659
738.959
644.887
10.081
318.952
718.337
870.979
289.427
953.45
645.647
414.749
771.6
265.898
856.696
1.084
481.537
381.809
649.534
117.474
461.344
754.486
810.751
100.701
690.282
899.034
640.081
802.342
744.909
381.477
54.504
5.372
368.489
793.464
166.612
894.922
112.416
884.949
765.902
918.196
354.752
927.901
849.297
126.352
710.151
705.993
643.789
191.688
87.803
293.323
309.162
65.499
564.161
636.265
682.553
254.444
535.3
838.986
573.138
796.561
220.464
627.642
318.285
105.305
937.458
484.897
0.227
566.227
886.199
282.481
0.775
240.951
210.382
850.072
883.655
920.533
72.417
43.796
112.221
676.572
853.472
937.736
258.424
417.633
90.353
457.329
672.077
142.005
296.315
761.567
938.566
516.779
905.562
773.204
138.436
843.02
774.453
138.664
925.599
660.652
421.145
926.374
417.955
147.88
292.798
817.963
68.413
881.568
861.759
696.987
74.492
231.583
151.075
332.916
649.217
241.428
790.245
837.646
383.434
86.561
115.566
838.352
119.692
21.128
127.908
774.481
380.5
902.362
913.145
306.1
79.366
850.642
232.474
13.674
998.522
41.625
831.637
66.936
923.193
209.748
280.275
514.037
441.332
431.35
846.954
606.901
672.778
153.551
444.547
572.564
756.464
76.465
410.917
392.509
97.593
538.825
166.99
478.094
957.539
596.487
300.546
36.906
447.129
533.02
50.58
445.652
90.997
398.569
28.94
530.542
608.317
309.215
44.58
566.001
740.565
407.886
689.254
413.343
77.789
650.154
502.26
834.254
726.619
913.177
743.115
824.213
968.354
426.457
818.659
442.246
22.944
119.205
479.152
470.073
168.577
46.084
432.077
259.575
444.653
461.017
306.469
569.322
770.232
351.049
651.676
510.797
275.287
340.93
440.493
353.077
991.084
942.753
703.683
717.704
372.282
963.15
58.269
340.636
389.607
876.928
782.882
412.551
996.133
778.386
398.976
164.71
824.47
831.054
940.637
785.475
292.071
247.107
871.15
62.304
114.508
522.826
89.453
389.796
863.756
529.946
259.225
371.193
989.051
479.26
605.249
361.333
442.41
663.518
218.322
348.369
56.798
1.204
760.92
52.931
295.943
676.248
733.993
636.765
23.654
190.983
422.241
832.078
954.442
293.391
410.734
68.95
332.569
500.187
975.098
712.677
546.486
750.675
83.87
535.537
229.935
205.471
896.871
188.697
868.989
115.193
537.066
925.787
632.749
814.338
495.07
928.692
490.587
745.416
565.458
30.593
452.751
504.051
862.671
407.193
313.794
273.405
476.143
646.363
773.593
967.594
359.04
836.431
718.269
442.911
371.968
464.557
648.382
785.191
653.254
33.724
416.736
190.321
475.863
565.838
4.659
487.286
10.882
11.598
749.054
92.692
42.192
201.805
596.743
421.215
608.998
910.537
694.621
601.493
556.9
984.566
85.439
915.941
820.997
803.709
875.204
709.317
784.618
39.938
10.861
954.224
73.662
943.949
144.545
65.878
509.787
665.557
553.164
37.022
193.507
302.218
129.714
752.051
20.375
242.81
173.267
629.373
669.699
384.24
747.218
226.6
885.158
832.658
658.893
706.155
152.719
50.449
931.824
937.337
90.387
459.037
891.561
680.402
919.339
552.459
262.632
945.478
734.368
815.796
982.5
927.875
634.366
628.567
196.279
171.093
871.377
885.898
800.466
541.076
270.138
547.684
284.028
155.296
896.694
459.273
377.803
49.413
509.722
825.979
986.75
116.462
801.369
394.664
313.216
720.708
947.123
575.848
666.186
681.491
907.996
165.039
125.718
58.714
793.606
321.997
229.807
664.983
207.895
546.625
722.411
994.385
610.661
6.44
666.033
507.356
465.713
43.836
556.769
491.788
386.168
59.872
608.25
187.537
454.536
437.818
424.597
918.011
13.666
607.135
115.854
438.014
772.174
241.572
13.08
565.78
79.922
242.887
747.115
804.169
305.864
469.527
798.555
916.525
475.967
980.94
940.233
458.032
541.129
13.355
949.82
927.297
73.227
558.07
631.186
44.115
995.888
55.783
962.126
525.906
662.918
77.98
480.272
951.445
835.904
493.352
517.225
915.826
736.239
264.341
236.348
558.455
250.22
551.255
474.981
726.187
532.195
415.214
184.219
73.324
944.921
650.392
516.973
18.148
208.462
148.159
578.615
720.703
720.294
57.093
246.609
383.213
651.425
726.882
851.01
487.33
736.586
368.235
919.508
989.178
148.928
155.856
547.633
399.148
707.111
22.614
641.687
239.307
954.181
342.259
828.983
899.102
992.651
345.957
433.603
717.465
10.468
12.218
438.168
730.763
69.312
201.13
630.328
237.089
444.364
481.338
724.419
180.95
849.573
160.28
170.128
514.854
316.136
234.114
430.354
539.6
256.728
588.394
295.259
727.261
447.005
640.594
142.716
439.656
986.551
576.319
673.473
997.02
104.889
627.994
727.783
690.553
829.124
874.463
927.643
789.84
355.801
168.414
487.142
721.726
845.046
173.623
236.58
677.535
407.737
183.287
217.135
180.817
771.681
28.746
424.431
218.686
669.34
567.147
174.694
172.244
659.818
848.167
169.264
281.059
476.161
413.399
487.965
821.637
287.862
415.608
127.829
160.015
100.374
131.324
881.741
945.421
304.947
634.674
622.956
229.036
817.961
356.443
926.205
105.994
385.189
350.636
841.032
570.881
434.135
15.726
743.125
93.953
380.245
428.741
891.365
372.759
842.14
379.33
194.396
646.354
311.29
838.578
806.369
928.016
969.902
204.463
873.437
791.201
839.137
12.745
20.237
173.45
885.54
946.442
795.796
787.081
813.431
636.828
357.963
247.566
168.906
101.088
857.872
549.151
529.83
749.237
921.91
888.322
644.919
632.659
534.677
956.209
471.237
857.398
884.225
957.491
61.861
274.015
748.692
417.35
803.112
768.929
107.152
688.653
231.723
902.948
992.086
561.506
56.128
350.049
809.073
225.034
967.49
183.297
290.538
13.672
448.886
212.448
901.994
93.805
361.459
953.023
566.366
832.696
810.422
966.943
306.539
388.635
240.958
55.231
322.338
560.423
340.512
429.49
765.428
572.236
332.439
757.514
650.094
904.919
107.564
459.167
129.954
591.406
158.816
420.492
605.078
607.702
149.292
507.072
701.507
510.752
976.448
267.873
859.8
786.87
234.817
166.34
691.857
992.127
221.571
14.195
68.902
562.084
960.038
350.682
650.672
808.829
108.197
300.766
713.748
732.113
276.286
843.702
323.519
435.102
264.194
928.597
42.805
929.839
952.021
260.664
440.591
928.469
44.89
300.391
231.691
796.059
983.083
439.901
304.538
721.007
454.096
373.441
283.091
930.486
724.123
450.115
739.315
348.672
750.881
453.064
80.785
543.519
296.766
920.656
978.622
77.313
365.605
537.779
7.152
833.979
798.443
964.095
762.448
359.685
780.838
510.492
155.744
763.922
950.393
460.283
484.929
920.841
350.076
284.372
851.328
74.199
734.487
590.643
422.872
1.72
43.707
20.009
61.592
856.826
457.018
556.566
450.491
822.623
94.345
973.995
656.602
409.14
454.442
935.403
768.826
235.28
445.895
440.922
515.554
912.64
901.205
0.483
833.481
251.281
801.207
684.809
841.833
52.046
791.805
781.057
570.119
351.864
317.418
631.711
725.042
774.436
188.277
175.533
113.412
798.974
665.88
286.366
208.114
120.322
738.121
493.292
355.603
700.368
450.567
871.157
613.008
351.772
387.993
962.842
119.406
705.552
647.651
961.239
757.599
955.808
742.296
327.718
307.673
59.714
959.429
32.715
350.503
664.058
724.601
463.915
463.032
390.481
266.633
187.498
27.156
4.755
197.143
899.111
705.123
647.71
286.62
318.132
515.834
674.613
280.974
635.24
896.518
444.977
596.479
654.117
917.138
855.127
498.187
224.811
431.194
973.968
773.878
298.049
638.026
14.831
278.316
617.41
921.665
544.949
321.26
948.821
549.704
518.403
847.932
771.18
682.465
134.552
605.664
198.3
325.518
402.99
349.892
222.036
364.319
946.372
392.505
281.457
317.851
890.692
22.62
265.397
864.66
796.499
563.446
19.038
327.682
841.762
152.8
249.347
386.712
474.06
198.168
452.768
508.816
46.1
223.948
191.281
180.653
345.964
905.933
22.523
748.954
255.826
244.559
113.274
718.55
637.064
394.731
552.753
527.756
417.352
818.151
908.768
730.203
381.597
927.806
57.885
739.712
80.606
823.585
642.776
71.018
21.753
95.544
579.834
584.206
835.845
287.468
281.211
181.809
709.753
303.734
447.116
481.931
548.293
560.39
200.481
701.709
471.473
269.587
745.817
405.177
87.738
654.585
135.38
985.687
98.743
709.618
725.399
695.701
533.203
884.527
766.719
71.308
980.072
862.906
655.514
332.269
666.726
936.725
30.43
376.479
240.459
477.546
858.411
305.104
37.936
575.244
6.813
509.41
844.831
752.63
914.587
448.921
923.567
566.32
950.961
22.31
792.29
192.712
234.363
841.845
77.24
517.435
913.153
57.312
380.341
85.02
905.933
563.419
21.745
936.363
939.898
778.557
413.91
314.661
83.661
968.198
889.906
606.827
993.96
251.089
359.457
424.9
216.363
799.377
507.572
167.324
338.039
299.862
360.036
572.403
658.059
437.276
606.19
87.564
10.94
502.883
172.584
916.873
66.302
710.682
369.589
6.2
489.239
783.499
837.214
89.252
268.049
243.472
696.079
262.01
494.561
571.889
686.91
710.924
371.266
194.482
394.6
709.305
10.696
754.637
281.708
185.107
708.265
404.25
272.671
719.206
907.133
961.608
152.431
973.435
672.29
522.02
495.988
677.881
821.871
333.202
767.133
606.273
576.674
979.565
868.283
587.587
551.454
555.193
814.864
922.72
266.027
209.464
632.025
793.075
480.453
430.086
978.182
188.719
834.336
250.853
424.277
741.47
212.461
576.708
714.905
401.103
615.081
210.893
595.336
953.304
60.447
878.822
559.577
637.121
858.387
427.86
224.709
409.841
499.405
39.573
332.561
281.784
765.389
964.586
74.859
245.843
911.024
53.041
434.562
261.713
820.247
375.191
3.183
549.06
951.899
234.44
950.164
83.332
961.686
61.852
552.989
22.133
940.674
112.566
175.607
799.061
56.779
916.668
725.254
72.536
956.241
57.815
354.321
237.982
538.754
945.532
483.825
966.13
998.574
434.739
227.843
818.821
809.93
231.026
367.881
278.182
981.819
834.397
361.514
943.505
412.602
914.503
481.99
353.276
543.422
657.597
668.69
600.201
574.265
393.944
189.089
46.858
968.112
543.41
284.841
23.218
488.943
285.018
989.348
3.869
719.758
217.192
339.042
46.04
964.57
223.275
324.222
946.389
574.025
202.089
406.246
986.627
632.944
404.589
856.255
176.366
578.538
41.297
292.919
669.156
951.594
482.009
716.014
919.706
541.771
517.207
942.924
547.066
318.578
448.624
550.935
554.688
665.816
406.329
600.728
146.739
629.605
924.951
93.128
203.63
643.392
15.727
190.257
276.336
420.316
562.864
969.055
998.854
604.162
261.974
668.01
555.756
260.335
900.377
991.814
802.107
933.936
934.738
349.173
768.866
899.714
416.461
323.554
81.883
822.79
924.283
228.622
452.395
365.586
838.102
172.377
8.978
853.829
878.986
801.666
790.497
441.851
770.721
789.352
46.013
549.048
973.714
118.121
809.383
390.443
109.935
611.49
840.732
561.025
477.016
609.598
460.739
893.477
933.153
542.622
716.267
373.788
771.244
168.663
739.374
609.347
341.04
748.352
979.528
736.379
550.018
770.026
178.23
837.092
75.73
740.595
386.14
49.444
858.716
195.523
956.24
968.651
323.366
796.972
529.676
800.382
922.922
506.767
210.211
856.075
49.39
926.478
229.863
336.986
611.493
969.237
462.685
468.886
233.941
442.214
205.265
300.312
212.24
383.495
653.756
287.97
640.442
39.896
853.766
499.158
751.771
810.006
984.161
591.489
123.33
513.837
391.871
46.253
536.956
118.434
418.68
102.698
44.913
648.544
439.685
172.758
134.133
902.37
157.996
884.427
860.936
363.261
701.091
73.176
263.108
354.847
877.498
903.55
394.743
731.265
919.06
662.866
57.623
903.221
254.356
697.306
933.41
162.579
743.559
470.367
281.014
162.239
573.065
842.279
327.135
529.102
15.037
977.621
431.473
173.034
862.048
292.409
52.647
79.491
881.938
315.756
434.338
759.436
735.658
345.433
7.053
654.719
8.299
581.029
557.94
262.655
278.335
491.351
941.587
538.246
478.07
222.601
216.837
51.135
64.88
60.325
580.238
596.269
37.946
528.063
769.303
416.346
336.824
821.951
495.837
218.762
654.059
930.175
494.551
389.717
275.608
17.956
560.788
800.259
598.985
118.729
579.267
393.672
126.432
520.854
931.918
604.502
743.455
148.756
171.989
324.687
209.081
752.227
920.956
763.379
796.642
690.26
179.725
133.467
28.563
675.562
868.581
682.622
122.089
363.132
588.691
914.049
897.441
665.832
714.308
496.426
300.913
293.575
890.099
427.345
814.429
338.369
548.199
74.236
3.477
720.188
398.923
728.91
988.768
319.88
492.289
785.41
526.492
672.014
435.229
555.055
863.928
303.811
754.029
502.369
183.295
859.072
416.418
80.736
524.904
647.079
93.515
825.817
940.654
499.966
769.514
271.436
838.335
834.065
862.024
841.813
554.254
260.948
570.723
59.374
580.828
579.365
361.136
623.672
767.731
796.366
695.079
148.012
100.177
449.108
650.381
799.824
824.532
583.152
880.561
865.789
230.231
490.428
691.606
687.237
990.394
977.473
475.025
345.081
811.538
337.05
186.894
882.144
597.998
273.97
941.518
695.178
853.335
302.655
835.202
137.418
615.373
530.281
285.43
231.902
979.389
935.812
31.726
320.273
35.316
428.639
186.062
265.547
919.067
394.021
469.136
909.461
371.494
944.162
254.543
699.384
281.212
957.789
581.529
395.562
748.111
39.399
607.092
117.798
858.406
442.294
255.217
473.779
972.575
540.647
705.681
468.316
992.811
737.408
788.589
28.127
166.047
491.004
810.026
601.467
885.025
279.163
27.28
256.519
739.677
281.823
472.255
537.241
755.965
53.784
449.155
20.428
609.536
56.247
138.227
467.942
14.893
393.444
941.722
503.82
450.443
647.403
972.136
959.607
901.163
277.077
987.734
583.563
768.081
314.113
185.03
169.458
109.628
212.31
942.329
849.305
10.486
414.585
902.898
282.803
984.721
352.053
303.231
594.257
924.652
441.458
62.2
939.545
351.254
520.274
443.365
318.05
684.029
931.853
277.657
585.193
725.282
781.743
685.108
9.716
612.208
870.138
179.174
721.836
82.448
121.504
571.141
609.286
536.089
474.039
892.089
37.162
342.444
195.321
631.42
267.096
153.131
209.972
206.641
504.386
246.598
166.358
338.788
930.627
614.563
132.797
32.172
339.846
914.54
717.28
349.562
526.749
103.77
45.088
764.937
702.571
166.592
852.431
311.857
219.033
842.822
203.947
256.196
185.267
915.62
403.968
452.363
68.751
130.292
175.357
89.489
376.89
341.715
428.277
307.517
956.279
561.074
856.042
812.477
991.967
573.322
678.391
35.068
193.445
723.479
800.005
896.016
406.424
652.436
207.873
625.457
495.259
928.172
398.005
680.526
360.144
801.973
649.241
428.896
932.265
824.598
34.737
309.155
166.314
463.015
133.025
638.945
540.441
989.067
967.774
48.76
78.741
646.165
83.828
272.186
369.644
400.186
168.202
776.068
52.622
892.428
917.878
64.233
336.952
315.883
261.111
697.097
634.209
910.353
642.345
566.474
734.951
677.082
391.982
417.617
656.449
41.359
572.914
196.891
30.426
540.688
762.003
625.519
703.205
845.832
897.706
72.85
246.018
582.26
365.27
814.992
474.688
799.5
395.578
327.993
115.384
656.689
25.09
749.593
83.394
667.435
832.419
818.346
344.517
740.753
752.315
0.967
782.112
841.582
714.21
812.538
898.622
476.213
438.058
601.828
838.397
852.116
191.03
600.767
434.376
72.652
932.112
425.417
872.153
327.69
753.41
987.537
500.731
294.852
253.482
584.126
478.639
602.253
918.824
823.156
343.007
671.139
340.475
125.119
29.073
571.037
454.01
927.696
563.603
408.42
45.876
402
776.888
236.906
519.12
211.264
309.558
451.232
153.033
698.063
778.922
422.795
685.6
279.653
233.999
455.434
380.131
712.638
57.688
298.955
52.147
917.047
486.447
392.622
558.518
515.52
480.012
12.528
959.568
43.615
937.3
5.444
961.967
714.188
758.702
481.087
441.805
584.613
932.319
594.838
282.676
227.593
533.986
968.277
23.599
767.985
940.063
403.73
480.624
514.103
219.038
49.123
431.15
705.485
441.745
989.669
221.005
438.109
518.549
696.926
481.724
972.202
702.37
443.692
686.39
977.425
924.779
128.195
562.038
373.451
239.386
844.714
117.396
773.372
329.343
657.347
57.709
269.407
61.078
54.685
783.51
280.116
103.808
731.013
501.953
61.906
237.034
239.31
500.015
271.935
936.236
498.092
244.137
154.959
941.784
446.88
132.384
382.915
575.075
694.422
272.718
814.461
539.136
390.115
104.185
868.48
47.462
161.895
654.239
624.892
732.932
954.101
421.36
836.741
201.466
923.313
414.999
954.852
162.624
915.014
226.788
98.86
413.106
987.277
770.171
871.242
434.157
902.555
254.158
9.233
596.977
526.876
340.046
652.466
433.343
960.584
37.298
480.806
638.831
691.537
622.05
371.763
161.99
43.411
724.856
363.457
966.724
139.855
318.309
645.7
54.87
545.097
260.913
984.328
48.727
31.084
855.571
482.884
933.64
109.729
8.469
46.969
152.957
348.516
215.787
586.301
825.452
253.085
583.459
464.283
460.974
205.509
352.398
622.965
248.92
77.255
986.422
731.997
217.11
821.083
894.049
788.332
882.533
154.962
772.661
931.26
186.047
144.584
414.144
636.039
254.313
938.966
199.36
923.622
803.834
415.148
509.923
629.286
184.585
609.734
93.569
645.56
815.244
445.967
268.525
64.164
39.574
771.299
312.513
256.685
592.382
206.563
561.369
474.915
361.525
334.03
922.527
63.924
478.614
853.024
216.315
249.279
791.99
415.676
689.254
595.824
347.176
199.177
225.11
531.761
325.264
835.031
177.321
140.508
797.35
962.198
204.672
836.925
249.849
33.538
609.962
842.232
240.101
171.331
833.499
117.978
21.714
756.027
181.903
16.68
609.051
914.57
265.96
917.393
846.598
955.214
513.217
193.774
670.743
254.679
241.888
996.007
89.71
935.561
136.515
887.06
414.112
857.54
240.337
663.961
891.078
850.299
22.545
647.531
537.983
372.397
765.509
559.697
128.424
947.412
576.377
253.827
378.335
358.689
687.572
224.933
313.903
200.789
935.06
500.999
455.468
693.3
13.358
61.53
628.861
666.226
464.942
559.325
40.118
705.28
223.287
931.196
71.931
762.184
578.727
609.914
134.581
860.588
685.963
779.357
324.353
262.341
549.536
702.688
621.03
237.108
443.973
451.286
954.249
379.033
468.637
409.717
588.685
481.995
987.599
733.899
664.573
452.542
293.224
704.691
157.822
32.863
152.239
746.105
795.048
730.966
356.02
929.629
107.907
41.983
708.987
432.26
820.676
774.875
134.948
958.059
11.984
578.921
409.345
966.233
474.307
877.982
892.303
579.344
876.329
879.902
313.243
540.903
332.444
122.82
245.594
6.618
155.683
397.834
269.076
950.731
645.152
625.096
396.713
753.059
183.431
622.052
185.319
520.46
396.927
836.619
478.519
408.911
931.893
404.216
891.497
406.2
282.198
783.8
501.896
674.879
663.702
815.14
215.782
512.499
937.96
977.729
35.469
93.643
375.563
304.545
560.727
537.067
445.993
473.792
290.127
145.777
95.844
991.798
666.237
492.771
828.418
661.108
418.035
760.311
65.324
309.532
682.863
863.874
609.684
184.759
538.753
789.738
516.251
270.888
302.237
454.211
248.617
854.059
64.207
140.532
158.604
624.934
677.599
120.95
98.726
484.078
266.727
710.922
475.877
449.316
203.693
820.647
110.424
138.08
97.31
175.748
963.964
780.173
39.622
573.648
481.284
94.727
363.387
997.536
365.615
181.976
451.747
614.232
36.035
32.306
754.764
710.992
657.24
948.716
831.942
272.318
432.794
98.669
499.592
425.023
547.985
219.638
245.67
658.409
357.718
342.98
350.509
321.683
639.505
906.483
895.331
120.79
1.21
775.07
118.326
883.178
957.047
86.425
497.41
993.082
118.732
768.527
704.074
292.324
717.243
536.016
80.995
150.037
151.037
580.587
91.413
699.022
800.225
337.083
873.783
157.944
680.064
740.644
995.979
835.921
647.127
407.662
956.711
164.69
182.733
591.389
47.868
139.78
677.815
61.63
649.214
312.899
830.157
869.641
605.223
63.752
922.009
202.57
730.142
73.047
783.158
821.555
288.421
99.735
158.638
678.557
774.031
355.054
419.201
770.01
707.328
582.681
177.673
664.039
263.723
876.758
255.429
827.943
16.538
449.596
889.573
182.104
278.847
236.083
568.097
884.07
299.835
490.107
602.993
546.329
79.506
902.503
367.884
367.927
2.238
42.875
46.484
776.27
914.281
982.038
62.632
621.609
81.071
756.657
285.649
344.794
633.415
57.43
172.737
166.305
23.378
578.662
348.41
302.225
814.745
916.507
702.647
630.933
922.966
305.64
177.262
2.472
208.143
545.147
370.4
726.734
104.374
933.236
19.356
18.655
431.626
81.988
640.265
512.697
838.646
442.266
373.843
988.413
499.696
62.932
154.719
39.426
641.595
19.481
341.651
972.692
452.34
560.65
603.625
375.307
866.291
780.888
894.131
590.786
842.387
780.883
317.52
463.113
714.12
336.876
481.768
662.098
935.217
122.033
691.148
773.863
80.651
64.991
278.628
96.699
644.276
433.347
136.125
285.871
452.828
994.128
258.563
421.521
554.779
378.541
796.828
937.422
675.781
690.959
528.208
34.52
471.843
362.081
497.633
702.315
215.309
979.401
880.765
666.878
617.787
571.913
957.093
698.438
636.905
235.722
311.49
797.533
669.069
447.615
83.404
638.25
958.096
858.319
59.771
512.875
753.212
372.951
450.297
428.993
580.262
494.857
463.513
568.457
373.29
477.498
270.772
104.952
973.252
151.538
771.83
591.039
239.803
728.924
805.829
876.708
964.646
117.319
674.241
150.067
81.287
273.997
788.317
39.383
648.669
364.44
68.61
401.881
737.391
35.259
347.227
317.654
530.116
327.092
886.111
419.759
804.591
673.236
41.063
777.843
341.126
812.893
885.234
580.929
58.169
207.415
973.99
22.815
841.087
164.583
172.883
922.374
954.933
477.552
478.109
603.602
841.993
546.719
521.835
95.736
581.978
869.062
929.742
628.446
196.155
332.206
564.557
517.098
5.442
605.62
294.941
862.92
934.866
696.527
443.849
993.035
903.942
934.191
15.851
745.029
615.127
705.086
183.755
570.06
698.99
661.864
690.014
540.983
208.583
211.849
153.072
306.913
80.912
82.814
935.36
793.419
415.02
16.269
310.517
936.814
621.89
121.81
799.734
556.756
818.337
759.936
549.791
722.279
210.479
81.994
467.309
825.606
303.432
651.064
395.666
2.423
829.281
85.68
59.758
554.216
813.882
212.83
861.13
894.794
295.645
312.842
204.565
227.017
329.111
515.082
163.832
467.353
636.892
479.918
540.461
455.229
239.854
90.253
693.86
450.334
688.599
161.169
275.94
992.032
328.586
187.959
994.455
157.867
789.991
570.565
228.435
603.873
783.396
89.565
15.019
595.393
918.759
219.584
822.41
764.223
251.018
502.594
231.576
404.262
982.513
288.39
375.843
738.719
378.643
69.704
705.405
67.242
230.873
981.346
575.626
75.811
685.657
86.433
750.03
475.648
656.999
978.466
79.522
440.395
584.383
610.893
552.14
19.495
830.478
890.902
783.718
597.848
393.497
531.646
2.111
892.362
820.036
377.954
631.081
715.031
447.658
336.487
298.626
194.884
834.185
874.252
270.695
36.194
960.686
537.078
511.842
134.037
31.896
107.716
574.432
616.279
718.61
642.924
635.774
65.44
533.826
935.844
663.288
443.675
983.843
181.751
336.037
320.231
559.706
483.471
35.263
523.716
819.958
850.241
718.6
170.495
240.845
505.648
206.689
201.531
559.078
234.883
851.92
590.974
858.952
426.352
207.253
93.914
585.628
359.38
675.706
119.455
811.576
855.346
563.13
311.771
37.098
415.52
632.003
113.156
898.991
183.618
636.872
718.949
33.859
871.825
405.796
274.704
893.825
128.837
992.588
452.903
363.72
844.508
43.877
739.024
787.213
767.482
832.938
372.841
643.214
508.644
8.648
971.143
363.991
88.131
282.914
401.089
503.651
431.269
30.597
402.642
614.887
667.469
637.943
165.098
55.646
43.739
956.155
949.471
688.928
465.095
402.374
52.648
825.955
962.603
791.673
129.52
246.438
140.963
18.714
406.004
649.608
27.362
377.147
529.951
115.493
176.414
931.04
619.144
607.683
961.637
538.138
738.923
145.458
176.081
904.021
201.105
736.172
376.528
150.576
425.1
357.975
69.303
477.749
183.931
548.258
785.774
313.451
794.696
443.089
848.517
200.701
92.697
875.88
94.2
139
507.725
270.614
586.392
643.222
878.298
548.029
181.36
133.573
209.84
357.442
553.946
927.297
93.614
930.475
77.873
518.715
288.45
663.528
512.816
988.733
211.787
814.942
818.537
522.835
258.031
667.054
239.888
867.081
59.286
334.089
6.081
567.012
604.703
592.474
210.234
999.353
656.855
391.594
132.926
383.047
265.388
686.873
310.344
359.003
133.7
904.57
394.07
938.502
568.098
906.886
443.588
296.237
238.18
262.125
819.073
496.211
445.531
58.961
879.644
504.818
909.402
885.726
588.182
514.106
994.552
798.416
29.811
167.759
706.362
679.09
550.807
971.751
882.315
861.151
847.106
16.015
765.721
241.176
470.869
333.82
664.414
914.457
146.409
902.594
692.934
481.834
915.157
654.818
540.796
794.802
159.636
450.198
196.88
264.17
480.656
707.784
62.586
26.82
875.543
285.3
705.91
426.35
257.051
588.225
287.502
620.509
120.592
569.575
861.685
591.461
419.747
526.099
22.271
566.157
428.693
715.205
47.991
860.203
370.023
105.139
655.005
46.011
71.69
368.237
310.181
68.698
76.021
889.119
95.518
951.564
690.772
801.428
894.267
464.175
906.005
181.769
84.685
26.597
267.696
946.37
134.411
687.444
988.822
156.682
253.601
933.867
388.239
817.944
794.07
274.615
923.084
449.075
836.978
994.774
817.312
663.512
63.472
409.685
552.631
675.343
361.25
243.403
476.771
255.517
707.579
899.129
953.638
308.616
925.726
221.334
254.986
576.489
908.778
760.16
733.171
678.731
694.028
637.763
496.676
488.098
912.378
936.112
937.174
265.708
930.886
270.838
929.22
510.71
680.524
481.852
186.053
558.126
241.607
179.177
813.643
465.538
78.306
283.633
774.154
520.384
504.967
545.493
96.874
930.098
305.653
830.045
125.181
999.681
984.16
621.857
487.78
896.538
74.321
941.306
162.247
5.207
728.496
607.819
32.27
409.02
89.671
734.675
483.498
847.631
913.852
813.493
829.521
992.158
97.126
603.676
28.895
118.446
665.521
125.769
564.896
971.174
472.166
690.077
487.208
456.327
828.287
491.34
869.217
902.608
948.998
547.816
424.168
677.494
155.636
456.438
602.867
761.659
191.113
86.365
609.29
621.318
899.859
438.812
129.828
513.337
558.84
158.723
631.783
740.713
284.492
196.679
228.239
756.659
886.757
715.447
729.338
231.396
723.139
598.555
134.004
672.137
146.372
558.172
349.632
818.36
530.962
952.499
580.019
238.428
555.216
705.662
859.746
455.075
660.826
989.574
968.413
736.018
148.298
116.548
476.731
949.142
313.228
704.97
222.153
716.337
936.77
951.491
464.085
659.909
66.399
598.089
332.047
729.123
672.614
198.031
547.483
203.576
666.882
643.854
442.004
222.098
349.516
301.75
193.526
10.342
807.677
678.291
746.36
472.327
311.191
739.443
421.469
140.771
444.414
159.975
373.46
381.184
627.818
837.545
557.445
694.217
435.635
405.844
423.34
624.601
603.875
487.175
828.177
270.757
131.03
786.534
9.208
996.898
604.636
719.086
523.593
928.665
913.729
786.305
400.992
224.92
525.749
338.814
365.692
486.515
498.789
739.152
867.699
126.607
576.698
941.496
820.825
528.685
347.341
760.517
153.286
951.216
764.045
497.815
738.326
895.075
800.701
263.886
408.325
405.338
499.324
931.918
334.003
413.053
718.224
251.348
637.973
243.973
590.162
3.665
730.488
88.951
259.17
114.539
731.91
835.868
572.387
552.735
880.905
919.728
829.605
550.543
387.297
593.65
48.358
641.975
5.077
365.412
422.213
413.402
287.102
921.537
345.321
621.105
334.59
579.897
388.805
488.915
823.87
978.967
8.933
70.71
584.27
268.103
701.601
316.181
620.323
273.988
385.268
501.228
193.717
214.873
51.771
97.366
324.875
616.481
739.341
846.304
981.893
161.554
259.707
268.995
83.091
121.38
406.453
934.033
701.277
311.61
422.948
41.499
290.578
431.881
112.209
874.848
216.336
330.162
707.381
836.659
604.15
92.65
854.239
314.219
823.875
422.362
411.585
148.751
555.196
667.278
995.055
53.441
345.184
771.114
838.789
944.627
892.494
245.242
878.66
110.123
73.204
817.961
151.622
363.782
766.194
780.183
754.983
982.531
110.345
462.364
335.542
230.848
71.366
189.782
545.067
895.242
128.496
473.005
560.345
683.692
656.635
71.752
737.134
518.172
359.219
575.923
462.799
768.065
337.517
857.812
878.189
410.721
192.125
29.811
290.856
958.319
326.347
562.191
457.202
953.044
540.907
792.745
183.892
612.274
498.879
245.312
23.868
627.375
234.669
100.565
827.42
407.656
172.317
564.554
925.828
47.888
656.829
904.98
815.954
994.346
762.792
694.143
921.419
471.269
240.306
728.627
429.588
566.653
290.818
403.143
519.698
831.726
712.24
219.942
444
211.119
465.254
984.22
354.846
216.275
84.785
182.266
623.932
773.454
263.172
549.76
821.343
920.001
971.092
637.297
430.699
733.884
331.44
868.471
721.505
88.098
597.098
151.094
171.104
887.917
70.589
207.154
719.643
782.829
427.096
679.995
510.3
408.703
664.215
865.146
624.978
265.352
563.765
765.262
38.806
826.937
831.375
860.149
263.291
802.467
497.446
693.99
52.704
345.238
78.813
774.209
433.337
675.912
441.655
604.441
563.829
512.244
327.947
799.824
811.425
755.043
996.171
321.725
680.098
660.386
186.872
305.077
925.738
750.637
586.691
480.896
93.926
418.066
341.046
357.217
736.886
354.844
51.208
789.59
700.083
646.373
563.799
649.772
322.285
5.455
770.565
402.466
34.051
98.512
202.29
845.477
853.555
198.461
167.202
50.006
375.199
870.426
871.435
817.289
137.415
458.126
298.186
231.342
392.545
155.584
588.559
129.431
510.428
156.119
919.021
210.511
802.493
482.82
376.635
124.778
4.627
147.2
43.597
555.031
762.064
245.887
400.508
615.62
960.701
84.062
181.978
852.252
470.841
53.413
669.542
608.256
511.539
484.08
839.598
904.084
639.664
944.51
33.515
150.092
100.629
952.536
876.956
419.474
951.709
769.943
60.605
472.688
917.144
104.202
27.719
195.56
866.441
944.579
327.532
343.494
544.994
509.51
195.747
15.835
562.923
381.641
140.443
74.463
865.721
980.042
978.547
21.737
440.904
528.415
171.829
541.533
997.303
565.137
477.36
949.012
335.081
537.965
938.053
768.577
642.167
482.124
964.137
508.608
943.056
291.67
852.103
488.05
801.18
564.202
20.237
364.104
945.843
160.68
954.919
327.916
657.074
449.818
349.653
97.978
978.233
37.834
639.512
975.537
602.972
116.872
440.901
454.405
171.189
895.306
739.334
813.356
377.431
219.823
838.316
320.487
27.845
206.771
324.889
345.378
770.973
345.126
225.834
716.816
505.806
180.753
561.084
162.881
630.571
910.737
260.859
125.157
948.572
416.723
617.046
67.896
49.947
574.299
38.653
221.136
469.606
294.339
550.844
363.389
514.162
905.513
683.876
58.36
112.284
8.765
403.738
883.258
870.243
629.572
116.426
376.049
326.677
677.511
55.282
473.6
588.248
832.494
598.757
53.172
765.569
215.803
637.42
815.517
790.103
676.073
553.005
776.061
486.764
620.202
139.45
0.927
525.715
339.678
575.639
637.999
348.443
979.377
37.609
218.686
125.301
154.036
111.087
451.978
347.899
166.37
925.578
452.499
515.216
524.336
505.672
280.785
256.491
143.092
96.302
562.946
335.518
165.66
855.359
822.282
302.214
994.809
339.561
827.929
334.487
915.2
982.28
199.282
410.929
19.89
934.32
536.23
690.278
45.408
988.208
38.177
728.13
430.139
490.676
243.346
470.827
512.7
524.131
727.318
172.145
136.786
806.617
24.015
818.798
661.976
846.297
121.012
173.138
702.211
465.293
507.625
617.411
963.925
223.26
28.341
500.167
157.58
80.923
190.445
719.34
69.132
744.974
447.47
15.623
752.003
207.168
486.45
781.055
731.3
730.12
953.2
384.438
536.737
977.215
203.236
715.066
339.865
840.6
404.556
42.076
822.245
428.533
175.839
786.17
651.793
720.532
286.338
325.726
801.456
993.135
45.066
386.94
738.11
8.889
402.563
6.465
216.057
405.365
787.52
463.709
135.485
257.073
364.499
188.575
750.64
567.735
419.993
606.857
924.687
824.549
165.285
746.932
253.082
341.125
533.103
421.228
578.009
819.441
746.954
895.817
328.928
308.372
799.109
67.038
317.261
718.024
589.855
49.671
123.389
893.728
29.732
775.227
667.153
394.232
963.802
417.793
478.319
900.147
24.651
403.007
724.696
189.936
149.939
494.13
47.413
199.394
431.71
141.775
535.187
695.016
37.592
864.116
3.389
353.054
447.506
837.002
71.078
37.362
403.025
710.82
931.09
432.758
486.047
598.243
826.99
966.201
532.388
821.661
866.348
73.391
224.668
107.396
263.328
890.96
117.878
827.093
90.354
549.589
968.868
141.894
244.605
522.813
6.01
764.346
875.867
453.516
601.349
946.945
7.23
520.726
657.765
454.672
953.484
660.164
569.267
296.826
626.365
101.656
118.488
492.713
175.047
859.508
116.461
954.727
266.82
234.34
781.821
873.527
783.929
267.041
15.421
544.886
789.854
21.431
309.233
665.721
991.299
426.934
612.667
998.53
947.66
786.784
453.202
417.497
963.301
22.47
714.323
589.666
640.478
349.163
598.732
815.525
208.672
715.193
286.605
991.844
465.885
68.426
865.371
249.814
335.467
880.792
794.701
641.674
418.575
620.286
307.395
409.875
47.22
436.414
924.757
511.232
739.551
377.959
928.729
702.852
916.781
643.053
292.518
557.259
508.568
407.602
889.137
233.592
639.148
175.742
225.437
105.033
244.168
90.808
871.2
95.987
971.601
182.253
737.661
390.176
802.539
561.409
316.403
366.111
997.823
241.16
877.343
737.374
135.472
806.073
440.226
52.253
965.478
249.097
609.513
990.398
656.699
498.65
223.991
812.199
674.392
449.428
917.233
434.912
540.236
304.785
47.251
28.189
487.038
301.265
934.718
289.577
862.674
251.121
172.04
376.849
8.634
49.383
630.576
144.106
371.808
70.802
196.359
853.638
836.251
322.224
844.037
9.303
820.874
584.38
821.502
11.618
33.808
255.087
962.882
90.396
559.872
10.134
118.586
46.91
827.751
569.656
852.839
206.777
337.129
24.879
583.626
345.763
590.615
214.202
6.221
478.775
801.357
202.581
848.766
637.608
41.157
209.155
163.263
378.384
793.535
984.766
390.002
827.343
756.205
352.885
434.091
316.078
879.371
552.677
879.34
223.474
638.685
732.18
430.251
975.815
273.411
13.877
321.578
380.378
744.432
844.152
375.506
62.141
563.085
224.272
216.101
604.242
949.779
379.365
982.626
743.314
880.483
888.981
87.009
636.688
758.218
521.1
469.118
153.941
590.13
348.459
377.415
228.815
596.991
807.666
204.63
386.754
337.895
42.561
767.133
598.679
886.713
658.991
660.82
449.798
399.615
876.922
570.392
349.394
772.639
69.371
92.708
653.122
958.352
179.717
806.162
716.57
217.169
275.281
870.511
807.299
623.74
764.278
36.115
220.731
571.944
240.745
607.485
909.839
799.658
890.97
508.519
202.723
549.961
685.691
652.521
949.576
78.965
739.266
298.97
851.604
808.637
908.03
21.078
766.989
604.099
827.241
999.911
821.269
102.522
386.774
144.92
242.614
151.052
181.035
979.697
722.996
938.133
103.534
149.187
737.791
994.505
174.058
940.515
60.818
376.102
109.388
526.747
455.067
365.006
342.069
823.024
173.643
250.1
360.454
940.632
370.551
187.695
456.895
708.172
806.569
843.669
853.093
49.183
511.073
34.128
545.232
234.069
488.613
648.767
899.609
742.757
643.272
73.667
199.624
220.442
966.121
309.012
747.189
421.189
674.019
89.259
760.565
364.014
855.711
121.019
820.999
226.262
308.715
277.894
934.435
631.636
637.916
303.88
197.172
148.989
338.008
742.404
383.059
342.974
391.171
799.02
85.731
550.795
389.039
285.355
287.59
355.161
110.719
34.779
776.35
301.09
640.39
536.915
665.105
12.453
174.286
486.104
755.068
483.001
763.998
205.855
630.99
401.914
509.735
828.162
550.904
364.095
86.918
450.315
707.069
994.442
249.335
792.8
545.237
638.374
594.507
349.179
993.535
705.227
900.311
286.237
6.317
540.701
339.504
187.774
69.507
513.791
673.878
824.575
513.144
437.877
546.782
144.134
356.143
56.517
488.648
423.399
420.612
575.567
873.714
644.034
86.361
639.401
953.186
147.95
794.128
547.694
497.13
787.663
769.273
397.441
590.253
291.942
454.494
929.757
479.717
524.001
443.548
153.595
864.928
956.693
107.824
411.71
617.179
980.32
984.579
105.828
403.719
921.544
197.747
793.786
565.578
284.108
433.187
518.764
948.41
227.315
582.81
445.54
531.331
352.083
359.333
121.584
644.026
813.828
51.341
640.095
854.181
11.242
793.69
235.462
967.935
901.515
647.172
101.466
881.835
631.752
723.646
801.906
553.296
921.393
595.692
635.226
721.853
545.232
670.342
186.616
772.547
253.153
632.156
820.23
121.588
991.49
941.814
281.966
321.67
509.508
922.061
175.851
520.75
232.104
411.313
5.037
649.971
574.838
106.503
48.158
722.942
830.15
850.064
792.59
267.895
962.109
944.168
506.101
507.341
614.51
692.717
796.24
384.015
841.225
616.471
505.604
832.715
74.637
303.922
154.385
584.145
742.336
846.589
621.247
974.44
774.254
626.284
624.411
865.444
249.14
672.569
588.386
595.642
522.633
897.328
379.889
484.742
841.496
402.342
992.083
456.007
611.411
788.324
840.022
452.637
921.147
861.978
801.704
995.784
682.253
472.442
579.93
424.589
319.031
717.529
399.029
609.637
860.166
23.44
475.082
109.306
696.009
579.82
221.3
734.994
477.149
117.541
736.089
834.997
519.884
728.172
291.004
647.647
32.848
647.379
100.284
470.347
25.709
418.341
466.132
707.962
890.783
46.062
132.551
726.166
279.943
531.58
335.803
140.109
71.372
327.237
249.415
767.381
423.41
987.067
18.728
900.559
620.961
754.817
251.908
657.197
999.341
59.265
304.844
548.542
706.644
921.481
18.889
248.705
339.822
485.021
956.668
230.605
47.435
605.571
473.123
327.379
137.152
325.278
467.488
208.524
652.516
233.256
492.258
75.926
736.675
510.986
492.837
357.636
782.155
744.745
14.833
781.496
804.01
319.678
330.038
27.006
241.159
865.28
792.064
97.333
350.301
748.732
327.938
914.089
354.303
317.413
241.468
7.807
642.691
225.308
732.684
811.559
458.564
741.294
403.837
195.24
768.632
413.026
69.228
550.787
674.124
84.062
848.635
994.486
920.092
695.026
537.845
677.603
560.306
329.909
774.936
910.607
78.641
619.226
824.696
949.296
936.639
582.516
473.456
579.33
807.825
722.492
907.242
782.741
463.786
311.079
494.333
748.77
240.458
563.562
299.557
914.582
163.976
664.544
909.068
84.068
359.57
446.913
278.023
919.876
776.822
52.959
346.836
371.815
672.185
687.884
837.464
125.176
270.401
310.92
220.858
594.578
549.764
128.1
377.319
13.55
955.532
388.005
762.32
195.99
467.919
578.229
110.572
631.895
242.773
535.992
232.315
118.696
982.906
510.338
38.572
276.08
79.649
385.408
647.896
268.186
589.645
1.712
393.362
860.046
828.984
614.22
970.976
378.748
742.321
864.647
908.65
697.853
252.652
670.97
410.195
720.571
765.551
520.767
868.818
524.676
56.759
101.133
643.372
556.017
127.823
198.297
832.098
207.472
100.057
996.346
475.658
689.702
998.058
385.372
66.1
827.042
999.593
37.076
722.142
258.266
901.724
630.792
472.471
670.728
818.114
882.666
391.3
583.665
919.785
260.118
624.693
976.544
877.604
784.418
48.914
5.427
982.715
397.364
729.252
82.772
393.71
721.262
288.827
908.12
106.635
354.927
251.514
106.228
908.356
973.656
880.846
810.08
604.448
353.317
480.808
938.914
235.983
388.46
522.579
155.768
648.579
663.624
648.664
526.183
448.042
697.578
47.962
947.109
94.942
777.214
546.234
5.004
498.477
835.061
429.476
605.112
706.34
680.99
227.692
614.696
170.998
108.538
424.776
291.798
978.207
421.937
230.712
214.19
326.749
269.643
886.31
975.328
933.268
51.326
17.863
897.662
265.257
582.178
844.772
360.199
359.392
391.006
881.556
374.221
226.067
311.032
495.685
448.759
508.375
239.729
63.456
195.725
348.267
4.584
487.524
842.826
942.873
718.236
57.016
269.623
987.88
459.678
244.951
437.5
511.005
779.167
335.162
776.262
361.345
179.934
652.813
237.089
87.292
50.721
127.663
829.711
361.754
623.348
278.471
386.481
863.078
341.927
582.206
727.697
346.511
586.082
570.524
289.385
304.319
143.892
559.008
808.551
603.571
320.311
762.403
630.928
615.83
97.565
407.19
493.527
793.852
576.355
246.969
881.144
627.077
374.632
227.208
505.183
514.332
505.679
891.664
377.41
847.606
990.222
621.46
710.469
576.305
191.984
516.206
396.976
852.228
591.566
721.879
455.799
428.23
484.282
603.079
560.412
98.199
10.269
53.94
408.403
586.625
817.261
805.9
730.054
191.893
33.108
235.237
706.225
538.787
643.253
599.988
902.745
633.475
221.448
129.566
726.132
929.784
645.773
123.108
782.012
753.691
844.987
754.164
181.921
845.621
357.243
742.334
943.821
367.513
312.626
868.576
470.49
129.887
674.476
716.896
321.78
707.584
952.133
544.357
762.723
111.738
144.345
665.468
745.213
365.793
795.035
987.698
811.929
957.16
627.158
593.942
710.851
988.498
348.106
409.125
834.119
705.349
151.459
294.292
589.214
980.437
162.869
59.704
110.324
353.697
776.6
948.456
61.282
245.085
492.813
824.005
356.823
153.511
5.826
618.389
35.656
317.213
606.087
847.586
274.373
233.245
441.528
501.576
221.743
789.634
910.701
572.215
11.335
578.512
866.507
600.55
558.949
545.728
176.606
669.273
899.426
469.559
134.081
477.06
230.996
143.247
817.417
587.82
296.758
823.243
722.561
848.766
656.808
845
696.352
931.181
78.245
654.232
432.758
816.341
960.218
343.459
904.908
971.554
921.972
287.767
88.456
997.273
833.496
265.062
182.899
249.274
734.621
316.98
726.334
965.618
976.579
60.103
69.79
789.689
883.347
792.351
638.456
540.155
637.351
851.16
987.689
231.948
505.393
936.799
564.641
465.611
796.61
469.549
953.517
718.582
757.317
41.973
232.208
107.165
307.036
415.107
356.439
558.009
248.439
599.125
39.979
225.019
659.228
626.121
14.708
58.927
418.472
653.164
115.435
572.175
504.325
103.124
320.476
526.07
39.923
885.117
508.033
836.533
871.019
461.551
71.468
628.336
19.876
303.676
251.853
843.264
235.135
608.292
401.274
483.574
723.769
957.605
708.593
382.997
583.727
723.302
958.277
518.551
892.818
73.712
607.079
397.143
176.836
927.555
439.565
733.111
329.024
947.599
85.996
200.043
925.502
157.464
344.731
945.378
977.492
596.584
788.643
212.627
721.228
706.269
696.202
444.997
663.874
404.795
344.347
763.953
644.449
302.624
798.857
537.268
376.336
405.936
450.763
69.524
849.843
890.329
802.635
178.867
354.28
888.631
895.263
279.782
562.448
239.994
225.16
539.94
836.579
13.803
268.92
74.159
720.072
965.122
519.157
900.299
886.269
379.856
664.252
47.071
682.48
463.109
584.339
58.816
385.397
551.454
644.692
235.24
441.783
447.327
930.46
312.415
852.31
825.723
592.197
414.758
65.717
817.358
471.051
418.648
347.513
739.971
492.808
583.938
221.445
528.317
0.589
107.714
908.173
664.841
671.137
590.653
644.303
255.476
165.821
546.052
323.283
810.513
297.645
765.066
774.192
228.105
77.482
626.502
53.828
186.031
41.261
635.897
519.741
512.312
570.898
383.607
768.635
580.058
967.545
990.08
108.375
968.134
614.146
532.9
149.327
285.284
639.905
309.982
57.112
322.078
856.035
380.395
648.943
153.68
661.814
423.135
898.137
255.648
565.989
468.317
441.679
607.25
104.214
961.421
635.914
191.464
861.38
404.549
771.522
828.925
910.981
396.249
313.411
525.128
929.149
979.09
810.412
85.406
805.425
867.524
407.484
661.46
764.272
56.427
331.492
426.086
479.562
745.981
681.734
45.552
214.298
123.413
169.154
318.512
601.186
321.421
509.977
978.918
242.322
797.851
324.195
153.304
194.101
637.606
194.784
639.602
133.049
5.196
725.009
938.474
389.072
132.493
116.286
153.344
188.921
964.13
95.782
184.835
710.111
777.516
746.739
924.409
417.282
432.246
759.273
534.82
270.019
785.602
513.739
512.341
583.454
837.934
181.997
777.555
991.893
376.781
417.157
124.942
898.329
142.166
579.768
287.402
791.012
696.054
957.098
496.285
176.536
52.881
681.12
886.647
346.749
944.212
327.408
764.031
376.458
86.681
298.852
646.477
388.636
328.943
675.17
972.09
166.877
373.52
265.997
158.77
750.301
199.506
800.064
648.631
858.025
379.832
452.385
649.037
592.238
925.835
145.322
768.774
978.716
342.794
171.773
325.466
287.006
499.181
605.849
179.816
102.215
904.701
342.645
490.851
749.996
17.816
462.941
916.874
391.336
245.29
591.996
657.989
444.796
908.413
822.972
302.821
804.597
275.357
468.21
396.836
201.193
129.884
681.962
696.261
472.679
853.736
538.079
276.037
352.917
143.929
455.854
455.132
564.982
798.499
945.983
314.979
332.667
925.276
748.205
240.355
170.566
340.201
898.345
131.715
764.966
721.317
950.888
569.564
513.027
419.099
482.752
230.572
548.983
164.714
443.185
538.014
18.45
981.265
814.052
887.72
125.194
786.258
859.204
206.528
101.109
321.54
521.507
433.777
763.168
269.712
190.484
933.735
126.266
88.829
581.802
891.232
326.499
532.69
977.148
355.878
951.789
459.9
102.802
17.125
140.967
545.987
71.491
159.417
527.252
885.543
563.489
168.798
188.153
939.046
375.327
289.263
260.586
413.186
723.04
540.106
682.899
429.876
990.193
325.517
518.706
571.995
733.101
361.557
104.686
226.602
233.787
572.827
686.502
336.589
106.304
827.469
398.928
177.796
503.239
926.181
579.691
583.08
94.979
767.845
522.126
986.658
57.108
299.064
399.845
296.5
839.171
599.096
726.376
829.364
440.965
761.434
917.712
174.066
639.343
22.398
400.668
389.482
111.577
603.523
242.423
217.882
947.344
641.352
395.678
450.583
567.533
491.721
550.016
178.864
259.566
72.142
681.875
833.026
887.559
81.72
645.878
243.082
197.168
888.607
588.798
638.133
650.041
506.51
328.551
805.737
45.26
245.572
195.219
156.838
849.095
953.995
374.72
796.439
595.347
286.75
763.375
679.232
778.471
313.391
858.096
554.39
901.885
56.323
903.768
789.444
138.043
549.647
32.526
335.211
438.254
621.325
489.696
604.647
644.187
818.248
410.384
689.448
63.82
121.956
846.286
912.915
75.951
221.006
225.706
187.65
24.108
989.081
866.882
802.579
818.824
241.33
873.321
720.71
297.654
777.09
510.154
952.049
326.737
59.033
287.261
764.991
680.358
293.309
885.99
324.545
111.557
296.375
530.345
175.377
934.683
376.631
604.644
526.986
113.989
830.351
714.636
138.097
335.784
581.518
457.029
154.609
339.2
330.35
875.319
636.854
107.44
901.825
588.904
434.177
960.858
392.517
715.52
157.568
685.826
601.511
998.466
797.384
414.238
528.811
489.113
865.273
905.443
93.758
392.259
535.784
440.461
623.247
673.882
292.597
721.117
130.911
963.558
60.317
461.261
355.229
697.172
568.702
257.055
802.428
519.231
734.265
194.945
234.752
891.834
880.771
352.615
406.652
194.507
283.205
935.463
683.621
148.478
357.258
293.731
57.089
409.395
250.544
680.336
83.277
543.141
401.453
730.54
506.7
461.77
191.801
861.929
675.294
276.855
635.336
477.722
312.439
369.602
189.019
547.191
777.788
586.143
416.158
184.44
780.65
699.363
636.255
980.623
847.841
993.514
790.706
904.93
402.909
41.25
101.618
2.538
584.392
503.071
733.078
607.444
481.193
441.231
985.725
156.488
234.439
621.062
150.562
546.878
990.664
339.582
610.421
768.452
442.077
26.579
469.244
222.727
242.294
105.499
719.703
606.487
615.365
510.409
511.417
534.626
68.012
613.035
537.164
168.756
632.458
786.594
776.2
113.651
744.178
761.925
786.491
978.617
899.339
937.054
41.847
406.355
792.988
168.62
691.159
235.065
711.551
160.403
974.144
953.845
265.903
210.199
560.332
397.62
236.961
588.101
932.247
304.973
717.488
985.763
473.729
349.946
772.358
766.281
979.949
32.888
44.558
766.441
527.857
943.898
219.847
569.704
350.253
12.835
738.324
557.765
764.252
966.227
718.168
254.748
920.072
500.423
464.948
996.756
898.044
701.909
101.209
346.643
523.234
818.697
332.406
513.315
684.995
621.116
279.596
664.944
654.004
840.506
947.737
181.861
300.756
167.584
267.917
167.362
696.771
522.593
725.127
461.023
488.82
443.295
232.124
925.244
460.071
697.072
438.352
358.115
915.333
539.561
221.11
438.567
874.61
553.516
951.882
559.605
174.633
747.83
740.902
344.989
588.336
204.991
526.851
405.445
888.928
311.12
572.807
585.699
833.714
297.934
563.075
838.886
257.581
795.199
764.131
717.652
8.623
202.483
592.119
923.956
258.397
813.229
362.523
133.007
883.098
830.757
692.613
57.731
578.587
949.867
919.072
683.275
154.858
445.923
88.72
560.138
273.396
177.879
145.838
107.11
475.813
225.265
462.348
249.747
536.816
226.479
967.399
545.439
945.315
75.871
469.395
203.712
889.1
348.27
853.071
288.55
179.027
62.036
346.281
273.966
11.903
265.354
473.593
683.114
227.629
78.666
243.252
17.377
256.545
905.442
640.839
732.359
130.707
103.188
982.106
667.523
846.019
465.857
729.314
307.686
541.728
198.709
27.75
947.181
63.331
880.822
235.731
242.358
942.858
98.365
32.676
471.114
880.071
506.27
154.228
624.052
584.936
913.832
641.43
841.481
819.275
282.269
90.192
466.334
901.809
588.65
650.21
747.829
54.508
379.524
55.515
112.588
94.586
83.266
576.121
157.917
964.088
328.205
916.628
423.298
426.57
949.304
894.412
822.993
971.926
48.64
963.397
556.862
478.825
121.179
914.696
814.452
919.801
521.24
280.786
821.61
109.891
447.348
85.791
680.751
826.873
141.307
309.691
437.811
740.925
885.813
595.728
221.365
214.018
512.356
644.663
156.94
461.661
55.428
496.285
949.939
104.068
459.682
506.802
99.245
580.862
937.85
913.697
500.663
459.09
710.836
322.273
85.333
158.184
408.065
766.084
501.409
65.724
75.776
939.22
323.001
477.941
534.949
544.366
691.959
563.657
705.381
848.899
541.67
760.809
345.184
491.61
381.23
321.218
514.764
480.475
902.08
452.614
910.525
919.095
428.056
621.361
241.369
513.39
779.545
165.786
795.826
797.307
747.862
871.602
736.527
70.863
349.543
787.828
131.581
557.854
351.486
353.314
923.105
409.508
114.124
784.641
901.118
11.706
105.86
932.234
8.533
524.292
384.848
919.058
443.388
812.905
540.419
201.109
842.647
836.317
366.895
638.473
149.976
631.109
26.428
886.503
218.324
375.971
190.684
349.905
450.178
542.17
219.571
373.283
468.03
333.695
157.925
885.501
861.753
780.137
817.735
870.287
304.429
202.584
789.345
747.817
531.841
846.117
948.926
374.488
198.786
832.173
529.313
348.762
463.282
555.741
235.265
197.958
931.713
425.949
547.863
898.243
484.471
283.787
271.526
468.854
133.834
429.451
354.355
995.588
209.588
172.09
865.875
30.37
374.674
171.572
778.187
422.867
17.689
727.114
313.707
732.827
559.287
843.021
81.589
538.922
398.762
833.207
736.88
846.827
775.508
801.096
745.07
776.332
84.883
16.597
245.186
218.717
962.4
599.541
214.305
688.341
771.631
596.532
718.711
662.658
768.105
496.898
601.877
302.146
740.364
915.585
34.974
816.004
274.958
116.563
354.926
673.72
466.122
91.806
520.548
241.631
409.254
781.97
17.963
494.137
314.919
779.501
229.207
277.32
379.042
959.864
482.013
667.025
556.397
717.076
846.035
840.854
730.326
964.265
143
470.691
879.85
177.974
286.695
154.808
810.89
157.973
344.88
277.012
766.131
381.78
518.643
175.386
163.751
52.958
185.875
478.67
832.459
415.082
272.342
727.853
374.947
754.355
911.231
447.696
471.431
273.618
288.55
718.11
237.883
431.55
188.801
634.085
125.877
991.848
305.245
936.767
149.821
650.126
730.131
915.952
548.258
248.775
91.338
712.009
818.085
277.214
707.032
166.897
208.648
979.374
411.102
99.947
250.082
322.333
547.643
237.865
112.304
352.545
955.975
350.187
784.096
144.776
500.625
426.325
136.624
805.87
363.092
286.445
972.348
93.223
718.75
520.607
858.35
810.088
748.968
192.788
603.654
456
359.685
328.655
435.375
287.139
428.602
685.457
125.825
492.598
923.322
238.129
845.143
395.65
104.668
145.591
540.426
605.293
571.916
193.403
927.516
451.36
996.2
416.216
544.584
714.95
936.823
919.286
41.391
202.144
628.426
645.045
658.144
988.111
973.7
609.871
791.603
402.303
811.68
917.428
411.253
251.355
155.557
256.396
647.005
260.225
401.988
187.431
381.871
973.904
380.834
309.387
425.265
893.387
725.603
486.201
608.337
178.779
921.839
649.728
380.923
550.266
294.774
39.067
54.729
784.826
648.939
846.332
703.481
976.971
763.76
114.734
228.326
435.669
371.131
875.331
695.895
289.471
62.763
77.766
263.375
959.949
903.505
204.992
853.336
629.108
207.545
978.026
807.887
645.737
627.754
705.162
712.355
438.88
744.23
283.436
223.707
909.521
129.769
443.54
886.492
409.881
558.275
114.819
845.551
445.758
506.502
57.798
735.229
569.265
651.916
514.956
45.567
555.421
236.301
415.255
700.881
960.198
393.281
25.121
122.287
21.036
730.283
834.642
976.268
990.865
118.079
716.327
416.738
764.2
159.868
303.231
690.433
234.495
934.402
52.336
196.605
440.904
110.134
448.186
526.522
278.402
479.494
88.441
833.823
232.147
20.048
51.057
192.346
413.33
76.178
830.985
950.718
322.813
665.628
926.986
313.679
300.059
159.666
730.417
580.611
319.534
550
271.044
70.381
0.754
323.381
266.986
958.011
433.515
231.524
484.533
711.918
711.018
89.326
62.093
943.166
109.374
113.15
651.864
39.056
705.68
482.849
506.126
28.494
664.829
433.113
342.173
481.24
592.779
588.942
61.851
428.665
138.943
332.896
15.398
139.697
656.277
282.384
97.708
606.144
513.908
98.593
834.414
741.278
704.271
896.508
200.796
329.998
526.01
852.66
369.054
748.043
851.862
875.181
776.537
33.043
824.646
635.062
514.284
933.777
224.004
576.135
878.794
362.947
909.031
894.192
18.997
81.66
176.576
633.057
204.157
206.836
248.003
38.571
464.466
952.274
451.431
665.263
282.272
493.794
517.923
167.679
241.837
886.137
559.212
18.374
919.181
383.858
169.788
433.465
317.635
393.792
525.952
196.429
273.092
434.984
90.621
808.441
32.996
783.549
441.498
237.153
506.737
689.501
275.725
971.203
158.128
243.508
152.818
956.752
737.302
187.094
640.783
979.139
73.231
199.995
513.865
992.412
583.853
683.653
942.229
417.84
77.446
468.182
130.621
866.89
419.518
737.594
675.331
452.514
37.495
116.829
206.02
60.584
322.683
998.097
548.14
997.163
241.605
700.958
470.267
978.908
888.052
111.051
474.399
477.636
311.046
988.265
470.048
411.252
188.27
928.63
829.092
782.068
396.812
476.066
648.958
332.682
730.012
324.289
785.196
767.508
957.471
507.568
828.092
796.506
505.665
376.232
793.669
747.271
77.191
780.288
242.531
481.595
891.339
716.93
959.231
202.386
221.547
945.632
129.99
926.17
874.262
959.082
708.238
787.426
951.5
357.197
120.108
681.513
197.838
421.656
449.021
671.661
929.225
793.465
468.167
434.89
169.698
778.188
698.513
763.241
558.477
941.044
761.188
449.816
174.327
720.42
168.554
912.226
182.404
298.544
838.396
573.018
773.979
546.635
876.796
725.479
420.184
996.904
923.344
618.022
934.912
888.717
289.684
864.137
682.183
274.203
815.38
368.233
52.392
513.893
647.826
127.221
971.29
409.014
93.389
145.617
645.786
778.296
574.195
344.542
593.192
412.592
917.56
367.171
959.227
794.356
609.003
895.763
307.612
532.347
513.785
242.525
937.417
319.821
623.014
619.6
110.377
438.394
987.833
679.121
468.64
635.659
806.342
439.93
561.025
416.083
101.899
723.164
194.379
192.446
67.706
787.572
605.038
985.267
671.095
80.617
295.975
280.098
976.38
603.588
328.798
6.518
362.465
266.215
326.339
985.479
402.167
436.716
940.226
390
115.837
925.218
542.011
438.531
365.148
619.388
854.615
983.399
342.552
565.346
175.845
410.259
352.918
297.236
911.878
24.014
377.853
207.853
820.464
870.586
327.793
665.614
877.104
206.61
448.181
203.443
708.442
850.348
156.512
648.668
756.7
788.701
573.886
815.063
743.585
455.386
434.452
114.552
955.137
293.356
679.898
647.334
703.615
549.169
460.922
131.845
89.535
838.776
856.051
909.999
709.362
700.196
91.966
102.818
906.807
540.147
306.261
615.249
390.496
979.125
780.269
663.548
284.179
870.507
478.612
27.764
842.245
429.416
142.316
313.734
722.772
338.566
961.068
942.74
887.735
421.991
74.585
977.27
777.119
930.636
403.622
2.833
630.833
11.94
105.651
53.992
552.087
928.264
185.593
458.935
423.742
482.214
122.484
707.921
352.721
601.096
252.037
711.318
30.512
910.705
25.052
753.284
249.271
986.12
696.024
653.359
924.463
286.962
146.981
217.934
217.598
66.955
737.119
364.783
78.895
842.77
418.775
630.983
287.387
120.72
89.918
711.129
602.934
728.754
935.402
955.655
329.85
187.439
666.973
876.714
98.144
692.025
146.351
863.767
194.498
358.727
33.478
635.313
645.689
180.46
369.6
379.64
247.415
106.719
744.423
842.663
465.842
679.551
473.646
269.581
800.271
79.916
980.71
403.206
325.023
432.464
875.213
654.873
619.903
542.187
47.94
234.399
750.564
194.291
614.518
461.414
553.018
647.997
613.08
715.06
828.457
982.68
94.7
592.224
605.751
839.123
434.887
71.593
35.026
424.885
857.526
835.298
21.154
354.588
754.856
346.177
787.052
630.069
517.402
923.307
688.608
81.694
674.058
439.173
275.985
288.577
416.939
345.356
936.574
30.019
576.768
281.383
529.051
671.468
389.959
651.155
26.943
341.199
722.748
61.97
766.084
96.627
413.62
303.59
451.215
168.476
649.767
238.268
798.545
683.522
161.575
487.154
765.216
835.634
442.679
557.554
640.563
375.97
902.91
93.489
922.342
479.678
374.872
451.393
667.498
281.183
618.9
694.441
622.382
858.001
272.763
388.467
954.628
686.383
692.057
405.843
371.211
858.177
644.111
169.757
541.699
322.039
173.263
306.915
674.025
615.942
380.821
314.588
508.264
283.731
408.077
430.606
279.761
299.301
398.352
463.611
580.484
17.252
674.405
202.867
875.253
947.168
107.686
829.881
149.904
316.095
235.725
521.115
174.272
396.188
207.224
232.323
234.579
380.487
55.591
908.604
512.781
436.412
739.544
21.046
236.496
663.973
451.652
32.609
963.274
366.356
496.221
60.111
383.609
170.626
779.33
775.214
634.146
403.368
605.096
784.05
719.463
357.173
821.518
410.088
269.713
28.742
642.411
504.293
409.23
214.354
929.249
922.011
650.767
668.794
459.409
887.263
332.767
911.062
919.872
812.394
793.77
932.445
388.857
177.379
619.423
684.539
952.594
253.57
87.907
74.042
553.972
807.37
947.567
375.49
217.458
217.28
920.585
376.222
721.573
329.815
590.576
167.175
768.178
757.695
835.969
227.588
161.31
685.088
655.002
81.183
13.834
448.772
529.98
919.043
142.504
149.404
603.582
611.45
919.326
691.489
201.844
473.298
15.212
149.411
365.141
749.022
366.691
285.726
641.596
604.617
131.893
232.173
771.792
416.423
989.868
124.113
160.363
151.179
325.553
331.717
748.714
339.388
296.842
795.046
774.783
439.346
944.45
378.366
567.148
380.128
586.207
768.992
853.427
117.771
918.403
734.92
866.794
801.446
536.998
508.39
406.063
668.891
256.915
694.207
601.666
763.136
334.672
762.03
430.667
660.226
610.099
179.381
515.966
906.941
490.779
290.749
346.287
951.582
185.467
429.787
331.71
771.675
198.779
701.489
889.446
117.182
436.409
272.592
434.981
973.407
780.983
357.396
158.65
37.898
51.604
276.669
801.034
386.276
38.699
748.053
562.854
648.798
443.786
78.82
72.092
934.566
369.57
934.731
886.148
555.037
364.519
734.21
843.064
563.298
435.7
248.863
196.833
872.109
521.455
631.814
361.869
302.438
989.21
36.871
856.689
557.166
313.54
174.075
459.795
868.591
922.129
22.649
33.742
365.915
617.822
105.834
300.481
503.744
40.565
702.981
575.133
405.084
437.192
418.198
484.735
872.892
667.061
197.92
261.353
188.516
346.086
139.574
7.307
851.648
176.446
863.996
408.815
489.986
38.071
384.962
874.93
476.552
407.611
908.672
842.468
541.785
14.506
659.301
45.529
55.071
878.635
620.663
976.508
315.827
38.861
461.243
705.071
222.274
175.515
482.776
927.142
521.601
138.703
934.449
373.249
315.149
798.445
298.416
321.487
352.869
683.378
196.417
345.773
607.342
621.441
188.241
149.127
635.947
363.895
194.657
207.371
242.53
331.672
183.879
74.709
370.533
161.474
779.78
109.159
336.989
778.908
36.301
858.59
917.611
487.103
748.191
749.112
801.9
46.608
586.952
154.769
729.986
299.721
500.543
853.68
921.163
205.136
2.808
73.462
85.383
713.817
280.833
327.913
45.489
981.064
402.622
932.374
142.538
698.754
41.533
995.879
994.015
594.186
370.821
911.626
81.289
119.013
177.091
883.19
681.973
764.043
554.311
928.311
63.764
571.206
781.992
984.927
292.695
784.8
58.39
378.078
14.969
855.575
222.344
60.458
836.64
624.966
992.832
495.53
840.073
550.717
7.762
834.088
661.255
378.583
262.066
742.545
13.948
439.157
142.087
212.273
203.2
212.75
140.585
783.317
783.957
922.577
284.596
593.004
223.729
342.986
971.082
238.698
714.914
193.426
815.508
551.554
334.745
324.692
563.436
691.17
875.409
571.198
525.258
53.016
466.134
787.324
795.561
996.434
742.834
454
208.708
946.034
666.751
349.293
729.351
967.06
788.222
13.948
560.064
11.951
873.286
47.498
767.001
104.552
757.277
98.861
172.458
608.374
423.553
735.895
299.544
815.314
823.445
341.154
868.33
289.579
644.83
180.244
286.014
387.664
150.596
494.722
850.051
817.347
360.367
95.754
300.759
148.589
109.702
377.175
676.892
499.341
424.674
960.245
603.893
698.303
59.106
776.352
823.029
999.011
512.247
122.573
814.325
852.044
980.079
199.007
141.624
624.909
895.603
943.99
528.926
46.2
955.064
895.329
863.547
315.431
991.083
680.659
980.372
100.786
57.834
657.264
116.479
998.86
133.861
720.372
213.515
192.967
13.076
36.544
708.33
525.323
159.117
39.007
377.368
655.548
238.014
35.344
796.81
133.618
979.334
325.736
696.17
934.398
737.417
559.717
766.181
728.5
756.728
746.553
829.286
814.563
920.169
462.117
329.775
54.03
182.49
543.291
763.349
195.566
579.835
471.679
237.242
255.305
27.038
130.962
910.853
781.404
682.658
707.663
431.374
178.344
549.751
127.544
629.094
287.168
203.614
395.275
532.021
960.342
141.828
877.659
291.257
578.349
339.777
621.033
632.379
522.267
164.324
912.08
234.185
260.511
383.759
987.779
515.816
410.797
635.093
943.022
708.553
317.751
167.037
139.928
496.095
233.141
267.472
125.189
36.661
471.086
520.464
568.682
431.429
178.644
446.342
722.686
273.345
786.119
343.719
905.724
824.738
24.395
817.804
575.275
801.259
717.915
563.055
833.427
645.064
198.148
776.449
353.618
515.9
459.839
493.546
528.347
692.98
761.018
653.537
729.641
232.105
690.353
298.324
179.886
385.35
744.666
902.572
658.695
47.137
762.644
80.772
871.875
303.391
898.576
447.15
104.65
132.844
526.557
938.078
777.908
724.706
230.879
647.878
756.958
690.718
141.424
285.305
383.698
418.795
455.194
629.692
167.252
145.548
444.368
347.138
530.898
189.034
766.062
705.945
752.523
528.706
786.717
624.398
832.098
201.646
587.9
453.1
