1000
968.877
876.179
302.35
287.249
232.862
76.65
103.837
172.337
98.707
814.627
278.137
619.08
506.99
502.503
525.468
64.777
373.468
830.659
228.728
722.535
304.67
963.524
835.601
697.679
798.401
384.965
971.199
274.295
129.486
925.852
197.784
98.364
318.383
500.134
901.965
67.597
576.784
522.154
239.935
191.843
336.781
518.072
327.275
360.124
536.927
852.743
941.253
910.395
683.402
169.981
149.282
988.073
649.858
984.883
202.104
448.259
886.2
173.303
238.906
15.686
615.508
436.691
630.402
450.243
936.825
48.719
517.841
29.962
570.873
274.128
221.805
424.007
308.552
549.081
300.483
845.479
918.176
241.736
272.226
601.579
928.069
421.508
106.004
94.279
922.743
824.46
542.539
325.295
514.116
297.797
340.981
129.624
250.84
487.736
579.867
704.018
52.807
614.06
733.98
140.033
888.188
472.137
564.04
713.092
537.57
380.875
558.571
455.747
622.611
347.149
573.678
550.68
285.009
196.034
644.96
207.752
20.494
703.851
533.047
50.962
518
390.381
180.586
768.841
394.469
276.806
472.859
447.276
890.866
723.191
587.309
295.407
711.68
667.701
8.499
249.251
48.576
83.423
221.35
187.539
946.924
311.38
254.572
231.934
23.766
415.884
956.038
560.612
119.735
489.086
611.575
154.087
395.819
308.513
922.928
790.288
585.319
912.139
753.916
992.538
635.33
857.578
804.297
347.011
525.279
329.148
112.614
90.208
412.571
850.316
277.747
359.496
678.048
532.319
107.782
701.814
948.203
63.82
262.426
584.29
69.258
390.353
738.378
465.077
698.867
177.658
771.717
800.538
606.15
525.634
793.076
757.832
383.212
597.373
621.195
424.843
442.874
733.809
515.051
855.445
100.477
309.151
731.293
778.525
357.822
355.427
996.691
306.026
419.248
259.118
406.668
488.506
165.823
661.398
469.936
864.69
355.409
241.653
665.229
961.559
283.639
974.657
719.391
183.203
88.383
856.939
608.047
531.257
590.748
639.45
903.054
207.578
948.601
150.7
986.103
306.424
506.127
982.795
128.802
441.727
758.265
51.822
930.234
924.088
229.573
400.17
305.131
584.982
158.175
970.36
62.893
441.815
945.017
298.636
625.018
549.752
155.575
749.417
81.009
262.676
388.868
984.064
470.254
853.821
651.116
972.709
676.597
157.243
471.856
321.751
598.971
230.121
373.574
45.557
670.562
603.147
962.079
975.693
704.481
120.254
462.405
767.374
78.421
923.774
66.01
219.792
473.527
737.938
969.209
554.536
0.614
874.429
54.952
987.22
244.603
706.068
959.929
921.2
379.664
431.786
242.952
978.635
661.907
132.878
540.544
848.821
736.025
502.623
824.514
440.506
622.877
286.919
724.232
217.651
727.046
306.594
437.443
200.573
44.532
923.004
755.109
561.498
313.786
326.414
548.718
558.389
32.482
508.648
995.941
928.498
940.434
238.893
423.485
118.693
371.771
964.029
483.867
624.148
466.652
824.733
581.006
605.882
628.005
305.238
823.533
355.051
611.833
777.328
555.624
172.717
700.332
827.085
734.216
14.118
153.499
282.934
88.859
702.334
307.934
84.801
630.832
764.72
323.694
54.318
399.766
211.818
534.699
883.633
352.318
517.704
708.366
933.325
123.586
852.723
754.915
463.471
207.774
366.748
240.799
763.398
55.818
457.483
590.484
790.034
987.954
260.335
589.32
76.813
962.669
413.607
161.614
109.854
178.327
1.661
680.524
94.445
729.831
215.223
978.078
82.149
249.279
202.797
531.826
889.217
55.52
286.742
352.688
263.295
169.842
109.839
543.045
225.66
83.675
649.881
532.046
71.629
910.217
121.367
148.442
872.886
51.326
826.409
499.092
229.653
828.07
179.616
324.099
557.901
911.192
818.529
156.402
160.471
537.678
688.229
49.689
109.551
974.971
918.729
889.198
144.813
544.921
432.243
370.474
628.596
82.125
902.52
216.577
992.342
540.239
365.019
381.58
591.565
191.428
880.673
337.571
535.85
576.641
178.022
93.751
4.185
996.551
250.154
681.009
50.582
454.735
247.05
160.133
429.706
682.131
49.331
574.519
227.052
481.574
461.345
372
80.051
880.218
588.577
72.393
936.809
953.597
970.326
528.375
661.377
367.351
382.298
197.228
460.344
560.32
807.331
464.53
73.223
573.837
145.539
123.805
28.572
392.589
283.938
458.278
74.72
849.621
549.15
818.125
331.196
10.495
190.125
927.599
407.065
778.703
999.993
343.875
248.652
486.671
388.602
426.381
854.022
770.9
139.961
314.366
331.22
947.293
295.248
920.795
37.482
440.787
560.953
582.407
349.728
844.891
557.037
940.801
210.865
106.187
758.926
58.413
633.035
465.403
986.012
40.1
760.458
502.357
383.975
9.11
989.028
288.929
951.844
359.402
59.829
91.805
673.769
907.401
555.45
969.017
828.197
109.285
926.157
389.15
691.692
792.237
750.393
248.729
733.038
477.61
871.269
8.316
536.023
504.304
473.72
522.036
60.756
750.53
540.745
961.084
275.993
529.774
250.013
227.837
889.176
309.843
835.994
79.297
733.596
391.445
564.667
78.145
500.73
7.176
983.647
708.774
799.413
734.041
957.503
48.804
728.003
828.772
57.12
264.027
849.428
47.192
302.415
910.185
797.723
843.16
387.621
73.716
372.934
637.634
817.905
778.463
463.829
653.899
374.112
197.426
45.344
455.131
791.923
62.426
462.307
775.571
771.2
261.721
25.964
245.056
310.525
753.967
590.18
883.997
17.994
439.609
931.19
320.409
866.146
245.265
163.57
253.767
835.333
52.856
891.401
653.238
347.671
871.583
307.137
721.784
585.361
868.834
176.915
377.284
447.612
639.223
152.855
735.165
417.296
178.819
980.221
244.173
932.787
86.753
128.17
467.133
526.362
575.712
787.543
908.86
337.329
467.465
162.627
172.662
36.673
570.381
825.9
384.345
441.964
649.39
106.129
543.677
518.224
799.396
920.961
482.188
954.971
590.169
217.353
372.267
768.988
713.926
132.792
218.127
800.68
777.315
685.261
327.042
353.027
989.156
752.255
206.709
972.973
914.882
379.371
9.646
1.615
721.624
393.991
959.931
371.014
16.472
503.608
405.59
332.221
940.922
887.778
287.192
531.091
105.132
175.812
816.431
819.058
824.956
34.559
619.738
602.271
236.172
463.133
471.651
225.328
215.388
678.36
714.653
646.622
57.731
724.299
648.238
779.355
634.643
608.169
666.721
167.467
628.13
72.311
499.688
569.052
960.09
303.233
100.143
581.574
479.045
916.574
916.984
304.001
951.133
53.075
422.625
703.657
516.208
894.276
445.337
247.948
572.636
159.99
894.57
146.719
884.29
59.16
442.427
35.285
183.682
109.148
202.752
811.812
697.812
218.793
380.864
174.254
522.026
481.007
755.828
517.423
397.581
189.164
337.776
865.067
242.239
760.401
85.076
758.447
171.029
530.414
522.747
743.665
690.404
933.67
406.737
91.046
992.83
849.164
126.331
692.864
474.664
845.436
504.676
172.476
64.229
885.54
863.082
102.607
366.547
618.91
136.382
280.481
808.075
474.158
661.9
50.314
750.912
746.976
325.114
921.941
277.39
364.213
665.607
967.795
297.883
588.696
575.193
807.066
437.86
701.525
499.93
428.876
63.313
4.607
601.353
643.894
890.147
980.787
746.501
773.047
116.05
882.883
569.88
924.125
873.393
231.78
490.791
624.305
495.108
332.257
546.247
288.851
696.471
728.206
256.646
510.706
316.902
348.191
317.772
271.114
49.716
334.055
699.99
629.381
855.014
817.695
273.275
745.161
798.483
19.776
34.56
914.533
419.011
120.792
355.01
292.405
352.572
362.153
916.71
364.033
210.763
462.957
652.884
907.234
707.515
425.882
934.292
24.417
774.073
768.417
295.531
340.142
102.472
511.874
969.523
957.486
845.921
242.799
218.999
644.404
778.927
769.912
75.289
197.939
890.704
430.299
490.344
759.629
308.805
407.054
123.662
519.568
386.364
292.898
943.154
93.879
718.78
877.446
634.649
492.853
162.215
446.532
349.347
264.687
958.406
318.871
738.525
804.328
78.022
473.877
965.084
856.949
243.789
40.374
54.888
650.845
987.025
545.232
410.474
812.182
468.639
50.488
331.75
371.355
343.386
791.256
465.234
62.166
668.703
99.883
71.372
830.918
546.416
420.719
611.958
21.174
255.942
866.835
341.854
333.964
340.712
306.939
190.914
100.853
863.665
245.802
268.051
367.042
307.387
678.525
179.225
292.378
245.366
27.327
663.733
588.752
818.584
128.967
167.271
3.639
745.203
238.643
350.909
807.971
175.714
962.867
829.145
431.657
346.055
171
765.621
203.119
994.291
472.887
820.325
857.956
718.69
88.376
741.35
542.429
766.901
920.575
834.807
528.619
